213
-1.2000000000000000e+02
-1.2000000000000000e+02
-1.1999980163574219e+02
-1.1999991607666016e+02
-1.1999991607666016e+02
-1.1999980163574219e+02
-1.2000000000000000e+02
-1.1999980163574219e+02
-1.1999991607666016e+02
-1.1999991607666016e+02
-1.1999980163574219e+02
-1.2000009155273438e+02
-1.2000014495849609e+02
-1.1999986267089844e+02
-1.2000023651123047e+02
-1.1999973297119141e+02
-1.2000001525878906e+02
-1.2000015258789062e+02
-1.2000001525878906e+02
-1.1999983215332031e+02
-1.2000000000000000e+02
-1.1999990844726562e+02
-1.1999995422363281e+02
-1.1999983978271484e+02
-1.2000007629394531e+02
-1.1999984741210938e+02
-1.1999989318847656e+02
-1.1999984741210938e+02
-1.2000027465820312e+02
-1.2000013732910156e+02
-1.1999987792968750e+02
-1.2000008392333984e+02
-1.2000010681152344e+02
-1.2000009155273438e+02
-1.1999974060058594e+02
-1.2000003814697266e+02
-1.2000023651123047e+02
-1.2000009155273438e+02
-1.2000008392333984e+02
-1.1999977874755859e+02
-1.2000003051757812e+02
-1.2000015258789062e+02
-1.2000007629394531e+02
-1.2000008392333984e+02
-1.1999996948242188e+02
-1.2000000762939453e+02
-1.1999995422363281e+02
-1.1999978637695312e+02
-1.2000000000000000e+02
-1.1999985504150391e+02
-1.2000015258789062e+02
-1.2000007629394531e+02
-1.1999980926513672e+02
-1.1999991607666016e+02
-1.1999985504150391e+02
-1.1999974060058594e+02
-1.1999996185302734e+02
-1.1999996185302734e+02
-1.2000013732910156e+02
-1.2000003814697266e+02
-1.2000008392333984e+02
-1.2000006103515625e+02
-1.1999995422363281e+02
-1.2000003051757812e+02
-1.2000007629394531e+02
-1.1999996185302734e+02
-1.1999987792968750e+02
-1.2000016784667969e+02
-1.2000013732910156e+02
-1.2000011444091797e+02
-1.1999993133544922e+02
-1.2000009155273438e+02
-1.1999993896484375e+02
-1.2000015258789062e+02
-1.1999993133544922e+02
-1.2000021362304688e+02
-1.2000012207031250e+02
-1.1999991607666016e+02
-1.1999992370605469e+02
-1.1999996948242188e+02
-1.1999978637695312e+02
-1.2000001525878906e+02
-1.2000003814697266e+02
-1.2000007629394531e+02
-1.1999993896484375e+02
-1.2000015258789062e+02
-1.1999978637695312e+02
-1.1999998474121094e+02
-1.2000009155273438e+02
-1.1999988555908203e+02
-1.2000016784667969e+02
-1.1999998474121094e+02
-1.1999983215332031e+02
-1.2000015258789062e+02
-1.2000006103515625e+02
-1.1999983215332031e+02
-1.1999985504150391e+02
-1.2000018310546875e+02
-1.2000010681152344e+02
-1.1999977111816406e+02
-1.2000016784667969e+02
-1.2000003814697266e+02
-1.2000007629394531e+02
-1.2000019073486328e+02
-1.1999996185302734e+02
-1.1999993896484375e+02
-1.2000021362304688e+02
-1.1999995422363281e+02
-1.1999991607666016e+02
-1.2000008392333984e+02
-1.1999981689453125e+02
-1.1999983978271484e+02
-1.2000004577636719e+02
-1.2000003814697266e+02
-1.1999986267089844e+02
-1.2000013732910156e+02
-1.1999983215332031e+02
-1.1999990844726562e+02
-1.2000000762939453e+02
-1.1999993896484375e+02
-1.2000007629394531e+02
-1.2000014495849609e+02
-1.1999993896484375e+02
-1.1999983215332031e+02
-1.2000021362304688e+02
-1.1999991607666016e+02
-1.1999985504150391e+02
-1.1999975585937500e+02
-1.1999980926513672e+02
-1.1999980163574219e+02
-1.1999989318847656e+02
-1.1999993896484375e+02
-1.1999980163574219e+02
-1.1999986267089844e+02
-1.1999980926513672e+02
-1.1999983215332031e+02
-1.1999998474121094e+02
-1.2000003051757812e+02
-1.1999987792968750e+02
-1.1999988555908203e+02
-1.1999972534179688e+02
-1.1999970245361328e+02
-1.2000010681152344e+02
-1.1999996185302734e+02
-1.1999999237060547e+02
-1.2000015258789062e+02
-1.1999993896484375e+02
-1.1999988555908203e+02
-1.2000016021728516e+02
-1.2000013732910156e+02
-1.1999996185302734e+02
-1.1999980163574219e+02
-1.1999993133544922e+02
-1.1999984741210938e+02
-1.2000009155273438e+02
-1.1999983978271484e+02
-1.2000006866455078e+02
-1.1999984741210938e+02
-1.2000015258789062e+02
-1.2000014495849609e+02
-1.2000019073486328e+02
-1.2000003814697266e+02
-1.1999988555908203e+02
-1.1999980926513672e+02
-1.2000001525878906e+02
-1.1999973297119141e+02
-1.2000009155273438e+02
-1.1999993896484375e+02
-1.1999989318847656e+02
-1.1999995422363281e+02
-1.2000003051757812e+02
-1.1999990844726562e+02
2.6910464477539062e+02
1.5839573669433594e+02
1.8624191284179688e+02
2.7436425781250000e+02
2.4187654113769531e+02
2.2368840026855469e+02
2.6766699218750000e+02
2.4970236206054688e+02
1.9185731506347656e+02
2.5776901245117188e+02
2.5927221679687500e+02
2.5758285522460938e+02
2.4242031860351562e+02
1.4212469482421875e+02
3.0753756713867188e+02
2.2085220336914062e+02
2.0493505859375000e+02
2.0354200744628906e+02
2.2017329406738281e+02
2.1994012451171875e+02
2.1251708984375000e+02
1.5179833984375000e+02
2.5947073364257812e+02
2.1691123962402344e+02
2.1593949890136719e+02
2.2246702575683594e+02
1.6732020568847656e+02
1.6727769470214844e+02
1.7176063537597656e+02
1.4724673461914062e+02
1.6357910156250000e+02
1.4222846984863281e+02
1.0852275848388672e+02
1.6845846557617188e+02
1.2061080932617188e+02
1.4201371765136719e+02
1.9377719116210938e+02
1.6847653198242188e+02
1.5512565612792969e+02
1.4779058837890625e+02
1.2640864562988281e+02
