213 213 2329
    1     1    1.0000000000000000e+00
    1    11    0.0000000000000000e+00
    1    25    0.0000000000000000e+00
    1    49    0.0000000000000000e+00
    1   109    0.0000000000000000e+00
    1   157    0.0000000000000000e+00
    1   177    0.0000000000000000e+00
    1   202    0.0000000000000000e+00
    2     2    1.0000000000000000e+00
    2     3    0.0000000000000000e+00
    2    79    0.0000000000000000e+00
    2    80    0.0000000000000000e+00
    2   154    0.0000000000000000e+00
    2   171    0.0000000000000000e+00
    2   174    0.0000000000000000e+00
    2   204    0.0000000000000000e+00
    2   213    0.0000000000000000e+00
    3     2    0.0000000000000000e+00
    3     3    1.0000000000000000e+00
    3     4    0.0000000000000000e+00
    3    21    0.0000000000000000e+00
    3    40    0.0000000000000000e+00
    3    45    0.0000000000000000e+00
    3    80    0.0000000000000000e+00
    3   154    0.0000000000000000e+00
    3   174    0.0000000000000000e+00
    3   194    0.0000000000000000e+00
    3   204    0.0000000000000000e+00
    4     3    0.0000000000000000e+00
    4     4    1.0000000000000000e+00
    4     5    0.0000000000000000e+00
    4    20    0.0000000000000000e+00
    4    21    0.0000000000000000e+00
    4    44    0.0000000000000000e+00
    4    45    0.0000000000000000e+00
    4    82    0.0000000000000000e+00
    4   194    0.0000000000000000e+00
    4   212    0.0000000000000000e+00
    5     4    0.0000000000000000e+00
    5     5    1.0000000000000000e+00
    5     6    0.0000000000000000e+00
    5    20    0.0000000000000000e+00
    5    81    0.0000000000000000e+00
    5    82    0.0000000000000000e+00
    5   152    0.0000000000000000e+00
    5   191    0.0000000000000000e+00
    5   194    0.0000000000000000e+00
    6     5    0.0000000000000000e+00
    6     6    1.0000000000000000e+00
    6     7    0.0000000000000000e+00
    6    59    0.0000000000000000e+00
    6    81    0.0000000000000000e+00
    6   152    0.0000000000000000e+00
    6   153    0.0000000000000000e+00
    6   191    0.0000000000000000e+00
    7     6    0.0000000000000000e+00
    7     7    1.0000000000000000e+00
    7     8    0.0000000000000000e+00
    7    59    0.0000000000000000e+00
    7    74    0.0000000000000000e+00
    7   153    0.0000000000000000e+00
    7   163    0.0000000000000000e+00
    7   187    0.0000000000000000e+00
    7   191    0.0000000000000000e+00
    8     7    0.0000000000000000e+00
    8     8    1.0000000000000000e+00
    8     9    0.0000000000000000e+00
    8    74    0.0000000000000000e+00
    8   146    0.0000000000000000e+00
    8   163    0.0000000000000000e+00
    8   172    0.0000000000000000e+00
    8   187    0.0000000000000000e+00
    9     8    0.0000000000000000e+00
    9     9    1.0000000000000000e+00
    9    10    0.0000000000000000e+00
    9    19    0.0000000000000000e+00
    9   146    0.0000000000000000e+00
    9   164    0.0000000000000000e+00
    9   167    0.0000000000000000e+00
    9   172    0.0000000000000000e+00
    9   187    0.0000000000000000e+00
    9   195    0.0000000000000000e+00
    9   203    0.0000000000000000e+00
   10     9    0.0000000000000000e+00
   10    10    1.0000000000000000e+00
   10    11    0.0000000000000000e+00
   10    18    0.0000000000000000e+00
   10    19    0.0000000000000000e+00
   10    26    0.0000000000000000e+00
   10   167    0.0000000000000000e+00
   10   195    0.0000000000000000e+00
   10   203    0.0000000000000000e+00
   11     1    0.0000000000000000e+00
   11    10    0.0000000000000000e+00
   11    11    1.0000000000000000e+00
   11    18    0.0000000000000000e+00
   11    25    0.0000000000000000e+00
   11    26    0.0000000000000000e+00
   11    49    0.0000000000000000e+00
   11   177    0.0000000000000000e+00
   11   195    0.0000000000000000e+00
   11   203    0.0000000000000000e+00
   12    12    1.0000000000000000e+00
   12    13    0.0000000000000000e+00
   12    14    0.0000000000000000e+00
   12    66    0.0000000000000000e+00
   12   134    0.0000000000000000e+00
   12   136    0.0000000000000000e+00
   12   189    0.0000000000000000e+00
   13    12    0.0000000000000000e+00
   13    13    1.0000000000000000e+00
   13    14    0.0000000000000000e+00
   13    43    0.0000000000000000e+00
   13    66    0.0000000000000000e+00
   13   104    0.0000000000000000e+00
   13   105    0.0000000000000000e+00
   13   162    0.0000000000000000e+00
   13   181    0.0000000000000000e+00
   13   189    0.0000000000000000e+00
   13   200    0.0000000000000000e+00
   13   207    0.0000000000000000e+00
   14    12    0.0000000000000000e+00
   14    13    0.0000000000000000e+00
   14    14    1.0000000000000000e+00
   14    56    0.0000000000000000e+00
   14    64    0.0000000000000000e+00
   14   134    0.0000000000000000e+00
   14   162    0.0000000000000000e+00
   14   189    0.0000000000000000e+00
   14   207    0.0000000000000000e+00
   15    15    1.0000000000000000e+00
   15    16    0.0000000000000000e+00
   15    17    0.0000000000000000e+00
   15    46    0.0000000000000000e+00
   15    94    0.0000000000000000e+00
   15    97    0.0000000000000000e+00
   15   124    0.0000000000000000e+00
   15   183    0.0000000000000000e+00
   15   198    0.0000000000000000e+00
   16    15    0.0000000000000000e+00
   16    16    1.0000000000000000e+00
   16    17    0.0000000000000000e+00
   16    31    0.0000000000000000e+00
   16    67    0.0000000000000000e+00
   16    84    0.0000000000000000e+00
   16    94    0.0000000000000000e+00
   16   183    0.0000000000000000e+00
   16   202    0.0000000000000000e+00
   17    15    0.0000000000000000e+00
   17    16    0.0000000000000000e+00
   17    17    1.0000000000000000e+00
   17    84    0.0000000000000000e+00
   17    85    0.0000000000000000e+00
   17    86    0.0000000000000000e+00
   17    97    0.0000000000000000e+00
   17   183    0.0000000000000000e+00
   17   192    0.0000000000000000e+00
   17   209    0.0000000000000000e+00
   18    10    0.0000000000000000e+00
   18    11    0.0000000000000000e+00
   18    18    1.0000000000000000e+00
   18    19    0.0000000000000000e+00
   18    49    0.0000000000000000e+00
   18    50    0.0000000000000000e+00
   18   101    0.0000000000000000e+00
   18   195    0.0000000000000000e+00
   19     9    0.0000000000000000e+00
   19    10    0.0000000000000000e+00
   19    18    0.0000000000000000e+00
   19    19    1.0000000000000000e+00
   19   101    0.0000000000000000e+00
   19   102    0.0000000000000000e+00
   19   164    0.0000000000000000e+00
   19   195    0.0000000000000000e+00
   20     4    0.0000000000000000e+00
   20     5    0.0000000000000000e+00
   20    20    1.0000000000000000e+00
   20    21    0.0000000000000000e+00
   20   125    0.0000000000000000e+00
   20   131    0.0000000000000000e+00
   20   152    0.0000000000000000e+00
   20   181    0.0000000000000000e+00
   20   191    0.0000000000000000e+00
   20   194    0.0000000000000000e+00
   21     3    0.0000000000000000e+00
   21     4    0.0000000000000000e+00
   21    20    0.0000000000000000e+00
   21    21    1.0000000000000000e+00
   21    40    0.0000000000000000e+00
   21   125    0.0000000000000000e+00
   21   194    0.0000000000000000e+00
   21   204    0.0000000000000000e+00
   22    22    1.0000000000000000e+00
   22    23    0.0000000000000000e+00
   22    24    0.0000000000000000e+00
   22    33    0.0000000000000000e+00
   22    35    0.0000000000000000e+00
   22    89    0.0000000000000000e+00
   22   156    0.0000000000000000e+00
   22   208    0.0000000000000000e+00
   22   213    0.0000000000000000e+00
   23    22    0.0000000000000000e+00
   23    23    1.0000000000000000e+00
   23    24    0.0000000000000000e+00
   23    35    0.0000000000000000e+00
   23    79    0.0000000000000000e+00
   23   126    0.0000000000000000e+00
   23   171    0.0000000000000000e+00
   23   213    0.0000000000000000e+00
   24    22    0.0000000000000000e+00
   24    23    0.0000000000000000e+00
   24    24    1.0000000000000000e+00
   24   126    0.0000000000000000e+00
   24   127    0.0000000000000000e+00
   24   156    0.0000000000000000e+00
   24   190    0.0000000000000000e+00
   24   208    0.0000000000000000e+00
   24   213    0.0000000000000000e+00
   25     1    0.0000000000000000e+00
   25    11    0.0000000000000000e+00
   25    25    1.0000000000000000e+00
   25    26    0.0000000000000000e+00
   25    27    0.0000000000000000e+00
   25   129    0.0000000000000000e+00
   25   157    0.0000000000000000e+00
   25   177    0.0000000000000000e+00
   25   201    0.0000000000000000e+00
   25   203    0.0000000000000000e+00
   26    10    0.0000000000000000e+00
   26    11    0.0000000000000000e+00
   26    25    0.0000000000000000e+00
   26    26    1.0000000000000000e+00
   26    27    0.0000000000000000e+00
   26   167    0.0000000000000000e+00
   26   203    0.0000000000000000e+00
   27    25    0.0000000000000000e+00
   27    26    0.0000000000000000e+00
   27    27    1.0000000000000000e+00
   27    68    0.0000000000000000e+00
   27    69    0.0000000000000000e+00
   27    73    0.0000000000000000e+00
   27   129    0.0000000000000000e+00
   27   167    0.0000000000000000e+00
   27   201    0.0000000000000000e+00
   27   203    0.0000000000000000e+00
   28    28    1.0000000000000000e+00
   28    29    0.0000000000000000e+00
   28    30    0.0000000000000000e+00
   28    50    0.0000000000000000e+00
   28   101    0.0000000000000000e+00
   28   112    0.0000000000000000e+00
   28   114    0.0000000000000000e+00
   28   185    0.0000000000000000e+00
   29    28    0.0000000000000000e+00
   29    29    1.0000000000000000e+00
   29    30    0.0000000000000000e+00
   29    31    0.0000000000000000e+00
   29    50    0.0000000000000000e+00
   29    51    0.0000000000000000e+00
   29    67    0.0000000000000000e+00
   29   185    0.0000000000000000e+00
   29   202    0.0000000000000000e+00
   30    28    0.0000000000000000e+00
   30    29    0.0000000000000000e+00
   30    30    1.0000000000000000e+00
   30    31    0.0000000000000000e+00
   30   112    0.0000000000000000e+00
   30   137    0.0000000000000000e+00
   30   150    0.0000000000000000e+00
   30   185    0.0000000000000000e+00
   30   193    0.0000000000000000e+00
   31    16    0.0000000000000000e+00
   31    29    0.0000000000000000e+00
   31    30    0.0000000000000000e+00
   31    31    1.0000000000000000e+00
   31    67    0.0000000000000000e+00
   31    94    0.0000000000000000e+00
   31   150    0.0000000000000000e+00
   31   183    0.0000000000000000e+00
   31   185    0.0000000000000000e+00
   31   193    0.0000000000000000e+00
   31   202    0.0000000000000000e+00
   32    32    1.0000000000000000e+00
   32    33    0.0000000000000000e+00
   32    34    0.0000000000000000e+00
   32    35    0.0000000000000000e+00
   32    44    0.0000000000000000e+00
   32    45    0.0000000000000000e+00
   32   155    0.0000000000000000e+00
   32   174    0.0000000000000000e+00
   32   188    0.0000000000000000e+00
   32   208    0.0000000000000000e+00
   32   212    0.0000000000000000e+00
   33    22    0.0000000000000000e+00
   33    32    0.0000000000000000e+00
   33    33    1.0000000000000000e+00
   33    34    0.0000000000000000e+00
   33    35    0.0000000000000000e+00
   33    89    0.0000000000000000e+00
   33    90    0.0000000000000000e+00
   33    93    0.0000000000000000e+00
   33   188    0.0000000000000000e+00
   33   208    0.0000000000000000e+00
   34    32    0.0000000000000000e+00
   34    33    0.0000000000000000e+00
   34    34    1.0000000000000000e+00
   34    44    0.0000000000000000e+00
   34    91    0.0000000000000000e+00
   34    92    0.0000000000000000e+00
   34    93    0.0000000000000000e+00
   34   188    0.0000000000000000e+00
   34   212    0.0000000000000000e+00
   35    22    0.0000000000000000e+00
   35    23    0.0000000000000000e+00
   35    32    0.0000000000000000e+00
   35    33    0.0000000000000000e+00
   35    35    1.0000000000000000e+00
   35   155    0.0000000000000000e+00
   35   171    0.0000000000000000e+00
   35   174    0.0000000000000000e+00
   35   208    0.0000000000000000e+00
   35   213    0.0000000000000000e+00
   36    36    1.0000000000000000e+00
   36    37    0.0000000000000000e+00
   36    38    0.0000000000000000e+00
   36    39    0.0000000000000000e+00
   36    87    0.0000000000000000e+00
   36    88    0.0000000000000000e+00
   36    96    0.0000000000000000e+00
   36   182    0.0000000000000000e+00
   36   196    0.0000000000000000e+00
   36   197    0.0000000000000000e+00
   37    36    0.0000000000000000e+00
   37    37    1.0000000000000000e+00
   37    38    0.0000000000000000e+00
   37    39    0.0000000000000000e+00
   37    70    0.0000000000000000e+00
   37    71    0.0000000000000000e+00
   37    72    0.0000000000000000e+00
   37    99    0.0000000000000000e+00
   37   184    0.0000000000000000e+00
   37   196    0.0000000000000000e+00
   37   197    0.0000000000000000e+00
   38    36    0.0000000000000000e+00
   38    37    0.0000000000000000e+00
   38    38    1.0000000000000000e+00
   38    88    0.0000000000000000e+00
   38    98    0.0000000000000000e+00
   38    99    0.0000000000000000e+00
   38   160    0.0000000000000000e+00
   38   182    0.0000000000000000e+00
   38   197    0.0000000000000000e+00
   39    36    0.0000000000000000e+00
   39    37    0.0000000000000000e+00
   39    39    1.0000000000000000e+00
   39    72    0.0000000000000000e+00
   39    75    0.0000000000000000e+00
   39    96    0.0000000000000000e+00
   39   115    0.0000000000000000e+00
   39   196    0.0000000000000000e+00
   40     3    0.0000000000000000e+00
   40    21    0.0000000000000000e+00
   40    40    1.0000000000000000e+00
   40    41    0.0000000000000000e+00
   40    42    0.0000000000000000e+00
   40    80    0.0000000000000000e+00
   40   125    0.0000000000000000e+00
   40   204    0.0000000000000000e+00
   41    40    0.0000000000000000e+00
   41    41    1.0000000000000000e+00
   41    42    0.0000000000000000e+00
   41    43    0.0000000000000000e+00
   41   104    0.0000000000000000e+00
   41   125    0.0000000000000000e+00
   41   181    0.0000000000000000e+00
   41   200    0.0000000000000000e+00
   41   204    0.0000000000000000e+00
   42    40    0.0000000000000000e+00
   42    41    0.0000000000000000e+00
   42    42    1.0000000000000000e+00
   42    43    0.0000000000000000e+00
   42    78    0.0000000000000000e+00
   42    80    0.0000000000000000e+00
   42   107    0.0000000000000000e+00
   42   132    0.0000000000000000e+00
   42   186    0.0000000000000000e+00
   42   200    0.0000000000000000e+00
   42   204    0.0000000000000000e+00
   43    13    0.0000000000000000e+00
   43    41    0.0000000000000000e+00
   43    42    0.0000000000000000e+00
   43    43    1.0000000000000000e+00
   43   104    0.0000000000000000e+00
   43   105    0.0000000000000000e+00
   43   132    0.0000000000000000e+00
   43   200    0.0000000000000000e+00
   44     4    0.0000000000000000e+00
   44    32    0.0000000000000000e+00
   44    34    0.0000000000000000e+00
   44    44    1.0000000000000000e+00
   44    45    0.0000000000000000e+00
   44    82    0.0000000000000000e+00
   44    92    0.0000000000000000e+00
   44   212    0.0000000000000000e+00
   45     3    0.0000000000000000e+00
   45     4    0.0000000000000000e+00
   45    32    0.0000000000000000e+00
   45    44    0.0000000000000000e+00
   45    45    1.0000000000000000e+00
   45   154    0.0000000000000000e+00
   45   155    0.0000000000000000e+00
   45   174    0.0000000000000000e+00
   45   194    0.0000000000000000e+00
   45   212    0.0000000000000000e+00
   46    15    0.0000000000000000e+00
   46    46    1.0000000000000000e+00
   46    47    0.0000000000000000e+00
   46    48    0.0000000000000000e+00
   46    94    0.0000000000000000e+00
   46   124    0.0000000000000000e+00
   46   150    0.0000000000000000e+00
   46   193    0.0000000000000000e+00
   46   198    0.0000000000000000e+00
   47    46    0.0000000000000000e+00
   47    47    1.0000000000000000e+00
   47    48    0.0000000000000000e+00
   47    52    0.0000000000000000e+00
   47   122    0.0000000000000000e+00
   47   123    0.0000000000000000e+00
   47   124    0.0000000000000000e+00
   47   178    0.0000000000000000e+00
   47   193    0.0000000000000000e+00
   47   198    0.0000000000000000e+00
   48    46    0.0000000000000000e+00
   48    47    0.0000000000000000e+00
   48    48    1.0000000000000000e+00
   48    52    0.0000000000000000e+00
   48   135    0.0000000000000000e+00
   48   136    0.0000000000000000e+00
   48   150    0.0000000000000000e+00
   48   193    0.0000000000000000e+00
   49     1    0.0000000000000000e+00
   49    11    0.0000000000000000e+00
   49    18    0.0000000000000000e+00
   49    49    1.0000000000000000e+00
   49    50    0.0000000000000000e+00
   49    51    0.0000000000000000e+00
   49   109    0.0000000000000000e+00
   49   177    0.0000000000000000e+00
   49   195    0.0000000000000000e+00
   49   202    0.0000000000000000e+00
   50    18    0.0000000000000000e+00
   50    28    0.0000000000000000e+00
   50    29    0.0000000000000000e+00
   50    49    0.0000000000000000e+00
   50    50    1.0000000000000000e+00
   50    51    0.0000000000000000e+00
   50   101    0.0000000000000000e+00
   50   185    0.0000000000000000e+00
   50   195    0.0000000000000000e+00
   50   202    0.0000000000000000e+00
   51    29    0.0000000000000000e+00
   51    49    0.0000000000000000e+00
   51    50    0.0000000000000000e+00
   51    51    1.0000000000000000e+00
   51    67    0.0000000000000000e+00
   51   109    0.0000000000000000e+00
   51   110    0.0000000000000000e+00
   51   202    0.0000000000000000e+00
   52    47    0.0000000000000000e+00
   52    48    0.0000000000000000e+00
   52    52    1.0000000000000000e+00
   52    66    0.0000000000000000e+00
   52   123    0.0000000000000000e+00
   52   136    0.0000000000000000e+00
   52   166    0.0000000000000000e+00
   52   178    0.0000000000000000e+00
   52   193    0.0000000000000000e+00
   53    53    1.0000000000000000e+00
   53    54    0.0000000000000000e+00
   53    55    0.0000000000000000e+00
   53    56    0.0000000000000000e+00
   53   113    0.0000000000000000e+00
   53   147    0.0000000000000000e+00
   53   149    0.0000000000000000e+00
   53   176    0.0000000000000000e+00
   54    53    0.0000000000000000e+00
   54    54    1.0000000000000000e+00
   54    55    0.0000000000000000e+00
   54    56    0.0000000000000000e+00
   54    64    0.0000000000000000e+00
   54    65    0.0000000000000000e+00
   54   176    0.0000000000000000e+00
   54   207    0.0000000000000000e+00
   55    53    0.0000000000000000e+00
   55    54    0.0000000000000000e+00
   55    55    1.0000000000000000e+00
   55    65    0.0000000000000000e+00
   55    74    0.0000000000000000e+00
   55   147    0.0000000000000000e+00
   55   172    0.0000000000000000e+00
   55   176    0.0000000000000000e+00
   56    14    0.0000000000000000e+00
   56    53    0.0000000000000000e+00
   56    54    0.0000000000000000e+00
   56    56    1.0000000000000000e+00
   56    64    0.0000000000000000e+00
   56   134    0.0000000000000000e+00
   56   149    0.0000000000000000e+00
   56   176    0.0000000000000000e+00
   56   189    0.0000000000000000e+00
   56   207    0.0000000000000000e+00
   57    57    1.0000000000000000e+00
   57    58    0.0000000000000000e+00
   57    59    0.0000000000000000e+00
   57    60    0.0000000000000000e+00
   57    81    0.0000000000000000e+00
   57    83    0.0000000000000000e+00
   57   175    0.0000000000000000e+00
   57   199    0.0000000000000000e+00
   58    57    0.0000000000000000e+00
   58    58    1.0000000000000000e+00
   58    59    0.0000000000000000e+00
   58    60    0.0000000000000000e+00
   58    63    0.0000000000000000e+00
   58   140    0.0000000000000000e+00
   58   141    0.0000000000000000e+00
   58   163    0.0000000000000000e+00
   58   175    0.0000000000000000e+00
   58   187    0.0000000000000000e+00
   58   199    0.0000000000000000e+00
   59     6    0.0000000000000000e+00
   59     7    0.0000000000000000e+00
   59    57    0.0000000000000000e+00
   59    58    0.0000000000000000e+00
   59    59    1.0000000000000000e+00
   59    81    0.0000000000000000e+00
   59   163    0.0000000000000000e+00
   59   175    0.0000000000000000e+00
   59   187    0.0000000000000000e+00
   59   191    0.0000000000000000e+00
   60    57    0.0000000000000000e+00
   60    58    0.0000000000000000e+00
   60    60    1.0000000000000000e+00
   60    83    0.0000000000000000e+00
   60    91    0.0000000000000000e+00
   60   140    0.0000000000000000e+00
   60   148    0.0000000000000000e+00
   60   175    0.0000000000000000e+00
   60   199    0.0000000000000000e+00
   60   212    0.0000000000000000e+00
   61    61    1.0000000000000000e+00
   61    62    0.0000000000000000e+00
   61    63    0.0000000000000000e+00
   61    68    0.0000000000000000e+00
   61   139    0.0000000000000000e+00
   61   141    0.0000000000000000e+00
   61   159    0.0000000000000000e+00
   61   179    0.0000000000000000e+00
   61   203    0.0000000000000000e+00
   62    61    0.0000000000000000e+00
   62    62    1.0000000000000000e+00
   62    63    0.0000000000000000e+00
   62    68    0.0000000000000000e+00
   62   146    0.0000000000000000e+00
   62   167    0.0000000000000000e+00
   62   179    0.0000000000000000e+00
   62   187    0.0000000000000000e+00
   62   203    0.0000000000000000e+00
   63    58    0.0000000000000000e+00
   63    61    0.0000000000000000e+00
   63    62    0.0000000000000000e+00
   63    63    1.0000000000000000e+00
   63   141    0.0000000000000000e+00
   63   146    0.0000000000000000e+00
   63   163    0.0000000000000000e+00
   63   179    0.0000000000000000e+00
   63   187    0.0000000000000000e+00
   63   199    0.0000000000000000e+00
   64    14    0.0000000000000000e+00
   64    54    0.0000000000000000e+00
   64    56    0.0000000000000000e+00
   64    64    1.0000000000000000e+00
   64    65    0.0000000000000000e+00
   64   151    0.0000000000000000e+00
   64   162    0.0000000000000000e+00
   64   207    0.0000000000000000e+00
   65    54    0.0000000000000000e+00
   65    55    0.0000000000000000e+00
   65    64    0.0000000000000000e+00
   65    65    1.0000000000000000e+00
   65    74    0.0000000000000000e+00
   65   151    0.0000000000000000e+00
   65   153    0.0000000000000000e+00
   65   176    0.0000000000000000e+00
   65   191    0.0000000000000000e+00
   65   207    0.0000000000000000e+00
   66    12    0.0000000000000000e+00
   66    13    0.0000000000000000e+00
   66    52    0.0000000000000000e+00
   66    66    1.0000000000000000e+00
   66   105    0.0000000000000000e+00
   66   136    0.0000000000000000e+00
   66   166    0.0000000000000000e+00
   66   178    0.0000000000000000e+00
   66   189    0.0000000000000000e+00
   66   193    0.0000000000000000e+00
   66   200    0.0000000000000000e+00
   67    16    0.0000000000000000e+00
   67    29    0.0000000000000000e+00
   67    31    0.0000000000000000e+00
   67    51    0.0000000000000000e+00
   67    67    1.0000000000000000e+00
   67    84    0.0000000000000000e+00
   67   110    0.0000000000000000e+00
   67   202    0.0000000000000000e+00
   68    27    0.0000000000000000e+00
   68    61    0.0000000000000000e+00
   68    62    0.0000000000000000e+00
   68    68    1.0000000000000000e+00
   68    69    0.0000000000000000e+00
   68   159    0.0000000000000000e+00
   68   167    0.0000000000000000e+00
   68   179    0.0000000000000000e+00
   68   201    0.0000000000000000e+00
   68   203    0.0000000000000000e+00
   69    27    0.0000000000000000e+00
   69    68    0.0000000000000000e+00
   69    69    1.0000000000000000e+00
   69    73    0.0000000000000000e+00
   69   159    0.0000000000000000e+00
   69   165    0.0000000000000000e+00
   69   201    0.0000000000000000e+00
   70    37    0.0000000000000000e+00
   70    70    1.0000000000000000e+00
   70    71    0.0000000000000000e+00
   70    72    0.0000000000000000e+00
   70   128    0.0000000000000000e+00
   70   130    0.0000000000000000e+00
   70   184    0.0000000000000000e+00
   71    37    0.0000000000000000e+00
   71    70    0.0000000000000000e+00
   71    71    1.0000000000000000e+00
   71    99    0.0000000000000000e+00
   71   100    0.0000000000000000e+00
   71   128    0.0000000000000000e+00
   71   165    0.0000000000000000e+00
   71   184    0.0000000000000000e+00
   71   197    0.0000000000000000e+00
   71   201    0.0000000000000000e+00
   72    37    0.0000000000000000e+00
   72    39    0.0000000000000000e+00
   72    70    0.0000000000000000e+00
   72    72    1.0000000000000000e+00
   72   115    0.0000000000000000e+00
   72   120    0.0000000000000000e+00
   72   130    0.0000000000000000e+00
   72   169    0.0000000000000000e+00
   72   184    0.0000000000000000e+00
   72   192    0.0000000000000000e+00
   72   196    0.0000000000000000e+00
   73    27    0.0000000000000000e+00
   73    69    0.0000000000000000e+00
   73    73    1.0000000000000000e+00
   73   128    0.0000000000000000e+00
   73   129    0.0000000000000000e+00
   73   165    0.0000000000000000e+00
   73   201    0.0000000000000000e+00
   74     7    0.0000000000000000e+00
   74     8    0.0000000000000000e+00
   74    55    0.0000000000000000e+00
   74    65    0.0000000000000000e+00
   74    74    1.0000000000000000e+00
   74   153    0.0000000000000000e+00
   74   172    0.0000000000000000e+00
   74   176    0.0000000000000000e+00
   74   187    0.0000000000000000e+00
   74   191    0.0000000000000000e+00
   75    39    0.0000000000000000e+00
   75    75    1.0000000000000000e+00
   75    76    0.0000000000000000e+00
   75    77    0.0000000000000000e+00
   75    95    0.0000000000000000e+00
   75    96    0.0000000000000000e+00
   75   115    0.0000000000000000e+00
   75   119    0.0000000000000000e+00
   75   196    0.0000000000000000e+00
   76    75    0.0000000000000000e+00
   76    76    1.0000000000000000e+00
   76    77    0.0000000000000000e+00
   76    95    0.0000000000000000e+00
   76   142    0.0000000000000000e+00
   76   144    0.0000000000000000e+00
   76   158    0.0000000000000000e+00
   76   180    0.0000000000000000e+00
   76   190    0.0000000000000000e+00
   76   196    0.0000000000000000e+00
   77    75    0.0000000000000000e+00
   77    76    0.0000000000000000e+00
   77    77    1.0000000000000000e+00
   77   116    0.0000000000000000e+00
   77   119    0.0000000000000000e+00
   77   144    0.0000000000000000e+00
   77   180    0.0000000000000000e+00
   77   196    0.0000000000000000e+00
   78    42    0.0000000000000000e+00
   78    78    1.0000000000000000e+00
   78    79    0.0000000000000000e+00
   78    80    0.0000000000000000e+00
   78   107    0.0000000000000000e+00
   78   133    0.0000000000000000e+00
   78   186    0.0000000000000000e+00
   78   204    0.0000000000000000e+00
   78   213    0.0000000000000000e+00
   79     2    0.0000000000000000e+00
   79    23    0.0000000000000000e+00
   79    78    0.0000000000000000e+00
   79    79    1.0000000000000000e+00
   79    80    0.0000000000000000e+00
   79   126    0.0000000000000000e+00
   79   133    0.0000000000000000e+00
   79   171    0.0000000000000000e+00
   79   213    0.0000000000000000e+00
   80     2    0.0000000000000000e+00
   80     3    0.0000000000000000e+00
   80    40    0.0000000000000000e+00
   80    42    0.0000000000000000e+00
   80    78    0.0000000000000000e+00
   80    79    0.0000000000000000e+00
   80    80    1.0000000000000000e+00
   80   204    0.0000000000000000e+00
   80   213    0.0000000000000000e+00
   81     5    0.0000000000000000e+00
   81     6    0.0000000000000000e+00
   81    57    0.0000000000000000e+00
   81    59    0.0000000000000000e+00
   81    81    1.0000000000000000e+00
   81    82    0.0000000000000000e+00
   81    83    0.0000000000000000e+00
   81   175    0.0000000000000000e+00
   81   191    0.0000000000000000e+00
   81   194    0.0000000000000000e+00
   81   212    0.0000000000000000e+00
   82     4    0.0000000000000000e+00
   82     5    0.0000000000000000e+00
   82    44    0.0000000000000000e+00
   82    81    0.0000000000000000e+00
   82    82    1.0000000000000000e+00
   82    83    0.0000000000000000e+00
   82    92    0.0000000000000000e+00
   82   194    0.0000000000000000e+00
   82   212    0.0000000000000000e+00
   83    57    0.0000000000000000e+00
   83    60    0.0000000000000000e+00
   83    81    0.0000000000000000e+00
   83    82    0.0000000000000000e+00
   83    83    1.0000000000000000e+00
   83    91    0.0000000000000000e+00
   83    92    0.0000000000000000e+00
   83   175    0.0000000000000000e+00
   83   212    0.0000000000000000e+00
   84    16    0.0000000000000000e+00
   84    17    0.0000000000000000e+00
   84    67    0.0000000000000000e+00
   84    84    1.0000000000000000e+00
   84    85    0.0000000000000000e+00
   84   110    0.0000000000000000e+00
   84   183    0.0000000000000000e+00
   84   202    0.0000000000000000e+00
   84   209    0.0000000000000000e+00
   85    17    0.0000000000000000e+00
   85    84    0.0000000000000000e+00
   85    85    1.0000000000000000e+00
   85    86    0.0000000000000000e+00
   85   110    0.0000000000000000e+00
   85   111    0.0000000000000000e+00
   85   121    0.0000000000000000e+00
   85   209    0.0000000000000000e+00
   86    17    0.0000000000000000e+00
   86    85    0.0000000000000000e+00
   86    86    1.0000000000000000e+00
   86    97    0.0000000000000000e+00
   86   103    0.0000000000000000e+00
   86   120    0.0000000000000000e+00
   86   121    0.0000000000000000e+00
   86   192    0.0000000000000000e+00
   86   209    0.0000000000000000e+00
   87    36    0.0000000000000000e+00
   87    87    1.0000000000000000e+00
   87    88    0.0000000000000000e+00
   87    89    0.0000000000000000e+00
   87    95    0.0000000000000000e+00
   87    96    0.0000000000000000e+00
   87   156    0.0000000000000000e+00
   87   182    0.0000000000000000e+00
   87   190    0.0000000000000000e+00
   87   196    0.0000000000000000e+00
   87   208    0.0000000000000000e+00
   88    36    0.0000000000000000e+00
   88    38    0.0000000000000000e+00
   88    87    0.0000000000000000e+00
   88    88    1.0000000000000000e+00
   88    89    0.0000000000000000e+00
   88    90    0.0000000000000000e+00
   88   160    0.0000000000000000e+00
   88   182    0.0000000000000000e+00
   88   197    0.0000000000000000e+00
   88   208    0.0000000000000000e+00
   89    22    0.0000000000000000e+00
   89    33    0.0000000000000000e+00
   89    87    0.0000000000000000e+00
   89    88    0.0000000000000000e+00
   89    89    1.0000000000000000e+00
   89    90    0.0000000000000000e+00
   89   156    0.0000000000000000e+00
   89   182    0.0000000000000000e+00
   89   208    0.0000000000000000e+00
   90    33    0.0000000000000000e+00
   90    88    0.0000000000000000e+00
   90    89    0.0000000000000000e+00
   90    90    1.0000000000000000e+00
   90    93    0.0000000000000000e+00
   90   160    0.0000000000000000e+00
   90   161    0.0000000000000000e+00
   90   182    0.0000000000000000e+00
   90   188    0.0000000000000000e+00
   90   208    0.0000000000000000e+00
   91    34    0.0000000000000000e+00
   91    60    0.0000000000000000e+00
   91    83    0.0000000000000000e+00
   91    91    1.0000000000000000e+00
   91    92    0.0000000000000000e+00
   91    93    0.0000000000000000e+00
   91   148    0.0000000000000000e+00
   91   161    0.0000000000000000e+00
   91   188    0.0000000000000000e+00
   91   199    0.0000000000000000e+00
   91   212    0.0000000000000000e+00
   92    34    0.0000000000000000e+00
   92    44    0.0000000000000000e+00
   92    82    0.0000000000000000e+00
   92    83    0.0000000000000000e+00
   92    91    0.0000000000000000e+00
   92    92    1.0000000000000000e+00
   92   212    0.0000000000000000e+00
   93    33    0.0000000000000000e+00
   93    34    0.0000000000000000e+00
   93    90    0.0000000000000000e+00
   93    91    0.0000000000000000e+00
   93    93    1.0000000000000000e+00
   93   161    0.0000000000000000e+00
   93   188    0.0000000000000000e+00
   94    15    0.0000000000000000e+00
   94    16    0.0000000000000000e+00
   94    31    0.0000000000000000e+00
   94    46    0.0000000000000000e+00
   94    94    1.0000000000000000e+00
   94   150    0.0000000000000000e+00
   94   183    0.0000000000000000e+00
   94   193    0.0000000000000000e+00
   94   198    0.0000000000000000e+00
   95    75    0.0000000000000000e+00
   95    76    0.0000000000000000e+00
   95    87    0.0000000000000000e+00
   95    95    1.0000000000000000e+00
   95    96    0.0000000000000000e+00
   95   156    0.0000000000000000e+00
   95   158    0.0000000000000000e+00
   95   182    0.0000000000000000e+00
   95   190    0.0000000000000000e+00
   95   196    0.0000000000000000e+00
   96    36    0.0000000000000000e+00
   96    39    0.0000000000000000e+00
   96    75    0.0000000000000000e+00
   96    87    0.0000000000000000e+00
   96    95    0.0000000000000000e+00
   96    96    1.0000000000000000e+00
   96   196    0.0000000000000000e+00
   97    15    0.0000000000000000e+00
   97    17    0.0000000000000000e+00
   97    86    0.0000000000000000e+00
   97    97    1.0000000000000000e+00
   97   103    0.0000000000000000e+00
   97   118    0.0000000000000000e+00
   97   124    0.0000000000000000e+00
   97   183    0.0000000000000000e+00
   97   192    0.0000000000000000e+00
   97   198    0.0000000000000000e+00
   98    38    0.0000000000000000e+00
   98    98    1.0000000000000000e+00
   98    99    0.0000000000000000e+00
   98   100    0.0000000000000000e+00
   98   138    0.0000000000000000e+00
   98   139    0.0000000000000000e+00
   98   160    0.0000000000000000e+00
   98   197    0.0000000000000000e+00
   99    37    0.0000000000000000e+00
   99    38    0.0000000000000000e+00
   99    71    0.0000000000000000e+00
   99    98    0.0000000000000000e+00
   99    99    1.0000000000000000e+00
   99   100    0.0000000000000000e+00
   99   197    0.0000000000000000e+00
  100    71    0.0000000000000000e+00
  100    98    0.0000000000000000e+00
  100    99    0.0000000000000000e+00
  100   100    1.0000000000000000e+00
  100   139    0.0000000000000000e+00
  100   159    0.0000000000000000e+00
  100   165    0.0000000000000000e+00
  100   179    0.0000000000000000e+00
  100   197    0.0000000000000000e+00
  100   201    0.0000000000000000e+00
  101    18    0.0000000000000000e+00
  101    19    0.0000000000000000e+00
  101    28    0.0000000000000000e+00
  101    50    0.0000000000000000e+00
  101   101    1.0000000000000000e+00
  101   102    0.0000000000000000e+00
  101   114    0.0000000000000000e+00
  101   185    0.0000000000000000e+00
  101   195    0.0000000000000000e+00
  102    19    0.0000000000000000e+00
  102   101    0.0000000000000000e+00
  102   102    1.0000000000000000e+00
  102   113    0.0000000000000000e+00
  102   114    0.0000000000000000e+00
  102   164    0.0000000000000000e+00
  102   195    0.0000000000000000e+00
  103    86    0.0000000000000000e+00
  103    97    0.0000000000000000e+00
  103   103    1.0000000000000000e+00
  103   118    0.0000000000000000e+00
  103   119    0.0000000000000000e+00
  103   120    0.0000000000000000e+00
  103   169    0.0000000000000000e+00
  103   192    0.0000000000000000e+00
  104    13    0.0000000000000000e+00
  104    41    0.0000000000000000e+00
  104    43    0.0000000000000000e+00
  104   104    1.0000000000000000e+00
  104   125    0.0000000000000000e+00
  104   131    0.0000000000000000e+00
  104   162    0.0000000000000000e+00
  104   181    0.0000000000000000e+00
  104   200    0.0000000000000000e+00
  104   207    0.0000000000000000e+00
  105    13    0.0000000000000000e+00
  105    43    0.0000000000000000e+00
  105    66    0.0000000000000000e+00
  105   105    1.0000000000000000e+00
  105   132    0.0000000000000000e+00
  105   166    0.0000000000000000e+00
  105   168    0.0000000000000000e+00
  105   200    0.0000000000000000e+00
  106   106    1.0000000000000000e+00
  106   107    0.0000000000000000e+00
  106   108    0.0000000000000000e+00
  106   126    0.0000000000000000e+00
  106   127    0.0000000000000000e+00
  106   133    0.0000000000000000e+00
  106   142    0.0000000000000000e+00
  106   186    0.0000000000000000e+00
  106   190    0.0000000000000000e+00
  106   206    0.0000000000000000e+00
  106   213    0.0000000000000000e+00
  107    42    0.0000000000000000e+00
  107    78    0.0000000000000000e+00
  107   106    0.0000000000000000e+00
  107   107    1.0000000000000000e+00
  107   108    0.0000000000000000e+00
  107   132    0.0000000000000000e+00
  107   133    0.0000000000000000e+00
  107   170    0.0000000000000000e+00
  107   186    0.0000000000000000e+00
  107   200    0.0000000000000000e+00
  107   206    0.0000000000000000e+00
  108   106    0.0000000000000000e+00
  108   107    0.0000000000000000e+00
  108   108    1.0000000000000000e+00
  108   142    0.0000000000000000e+00
  108   143    0.0000000000000000e+00
  108   145    0.0000000000000000e+00
  108   170    0.0000000000000000e+00
  108   206    0.0000000000000000e+00
  109     1    0.0000000000000000e+00
  109    49    0.0000000000000000e+00
  109    51    0.0000000000000000e+00
  109   109    1.0000000000000000e+00
  109   110    0.0000000000000000e+00
  109   111    0.0000000000000000e+00
  109   157    0.0000000000000000e+00
  109   177    0.0000000000000000e+00
  109   202    0.0000000000000000e+00
  109   209    0.0000000000000000e+00
  110    51    0.0000000000000000e+00
  110    67    0.0000000000000000e+00
  110    84    0.0000000000000000e+00
  110    85    0.0000000000000000e+00
  110   109    0.0000000000000000e+00
  110   110    1.0000000000000000e+00
  110   111    0.0000000000000000e+00
  110   202    0.0000000000000000e+00
  110   209    0.0000000000000000e+00
  111    85    0.0000000000000000e+00
  111   109    0.0000000000000000e+00
  111   110    0.0000000000000000e+00
  111   111    1.0000000000000000e+00
  111   121    0.0000000000000000e+00
  111   128    0.0000000000000000e+00
  111   129    0.0000000000000000e+00
  111   130    0.0000000000000000e+00
  111   157    0.0000000000000000e+00
  111   209    0.0000000000000000e+00
  112    28    0.0000000000000000e+00
  112    30    0.0000000000000000e+00
  112   112    1.0000000000000000e+00
  112   113    0.0000000000000000e+00
  112   114    0.0000000000000000e+00
  112   137    0.0000000000000000e+00
  112   149    0.0000000000000000e+00
  112   185    0.0000000000000000e+00
  113    53    0.0000000000000000e+00
  113   102    0.0000000000000000e+00
  113   112    0.0000000000000000e+00
  113   113    1.0000000000000000e+00
  113   114    0.0000000000000000e+00
  113   147    0.0000000000000000e+00
  113   149    0.0000000000000000e+00
  113   164    0.0000000000000000e+00
  113   176    0.0000000000000000e+00
  113   185    0.0000000000000000e+00
  113   195    0.0000000000000000e+00
  114    28    0.0000000000000000e+00
  114   101    0.0000000000000000e+00
  114   102    0.0000000000000000e+00
  114   112    0.0000000000000000e+00
  114   113    0.0000000000000000e+00
  114   114    1.0000000000000000e+00
  114   185    0.0000000000000000e+00
  114   195    0.0000000000000000e+00
  115    39    0.0000000000000000e+00
  115    72    0.0000000000000000e+00
  115    75    0.0000000000000000e+00
  115   115    1.0000000000000000e+00
  115   119    0.0000000000000000e+00
  115   169    0.0000000000000000e+00
  115   196    0.0000000000000000e+00
  116    77    0.0000000000000000e+00
  116   116    1.0000000000000000e+00
  116   117    0.0000000000000000e+00
  116   118    0.0000000000000000e+00
  116   119    0.0000000000000000e+00
  116   143    0.0000000000000000e+00
  116   144    0.0000000000000000e+00
  116   180    0.0000000000000000e+00
  116   198    0.0000000000000000e+00
  116   206    0.0000000000000000e+00
  117   116    0.0000000000000000e+00
  117   117    1.0000000000000000e+00
  117   118    0.0000000000000000e+00
  117   122    0.0000000000000000e+00
  117   124    0.0000000000000000e+00
  117   143    0.0000000000000000e+00
  117   198    0.0000000000000000e+00
  117   206    0.0000000000000000e+00
  118    97    0.0000000000000000e+00
  118   103    0.0000000000000000e+00
  118   116    0.0000000000000000e+00
  118   117    0.0000000000000000e+00
  118   118    1.0000000000000000e+00
  118   119    0.0000000000000000e+00
  118   124    0.0000000000000000e+00
  118   180    0.0000000000000000e+00
  118   192    0.0000000000000000e+00
  118   198    0.0000000000000000e+00
  119    75    0.0000000000000000e+00
  119    77    0.0000000000000000e+00
  119   103    0.0000000000000000e+00
  119   115    0.0000000000000000e+00
  119   116    0.0000000000000000e+00
  119   118    0.0000000000000000e+00
  119   119    1.0000000000000000e+00
  119   169    0.0000000000000000e+00
  119   180    0.0000000000000000e+00
  119   192    0.0000000000000000e+00
  119   196    0.0000000000000000e+00
  120    72    0.0000000000000000e+00
  120    86    0.0000000000000000e+00
  120   103    0.0000000000000000e+00
  120   120    1.0000000000000000e+00
  120   121    0.0000000000000000e+00
  120   130    0.0000000000000000e+00
  120   169    0.0000000000000000e+00
  120   192    0.0000000000000000e+00
  121    85    0.0000000000000000e+00
  121    86    0.0000000000000000e+00
  121   111    0.0000000000000000e+00
  121   120    0.0000000000000000e+00
  121   121    1.0000000000000000e+00
  121   130    0.0000000000000000e+00
  121   192    0.0000000000000000e+00
  121   209    0.0000000000000000e+00
  122    47    0.0000000000000000e+00
  122   117    0.0000000000000000e+00
  122   122    1.0000000000000000e+00
  122   123    0.0000000000000000e+00
  122   124    0.0000000000000000e+00
  122   143    0.0000000000000000e+00
  122   145    0.0000000000000000e+00
  122   198    0.0000000000000000e+00
  122   206    0.0000000000000000e+00
  123    47    0.0000000000000000e+00
  123    52    0.0000000000000000e+00
  123   122    0.0000000000000000e+00
  123   123    1.0000000000000000e+00
  123   145    0.0000000000000000e+00
  123   166    0.0000000000000000e+00
  123   168    0.0000000000000000e+00
  123   178    0.0000000000000000e+00
  123   198    0.0000000000000000e+00
  124    15    0.0000000000000000e+00
  124    46    0.0000000000000000e+00
  124    47    0.0000000000000000e+00
  124    97    0.0000000000000000e+00
  124   117    0.0000000000000000e+00
  124   118    0.0000000000000000e+00
  124   122    0.0000000000000000e+00
  124   124    1.0000000000000000e+00
  124   198    0.0000000000000000e+00
  125    20    0.0000000000000000e+00
  125    21    0.0000000000000000e+00
  125    40    0.0000000000000000e+00
  125    41    0.0000000000000000e+00
  125   104    0.0000000000000000e+00
  125   125    1.0000000000000000e+00
  125   131    0.0000000000000000e+00
  125   181    0.0000000000000000e+00
  125   194    0.0000000000000000e+00
  125   204    0.0000000000000000e+00
  126    23    0.0000000000000000e+00
  126    24    0.0000000000000000e+00
  126    79    0.0000000000000000e+00
  126   106    0.0000000000000000e+00
  126   126    1.0000000000000000e+00
  126   127    0.0000000000000000e+00
  126   133    0.0000000000000000e+00
  126   213    0.0000000000000000e+00
  127    24    0.0000000000000000e+00
  127   106    0.0000000000000000e+00
  127   126    0.0000000000000000e+00
  127   127    1.0000000000000000e+00
  127   142    0.0000000000000000e+00
  127   156    0.0000000000000000e+00
  127   158    0.0000000000000000e+00
  127   190    0.0000000000000000e+00
  127   213    0.0000000000000000e+00
  128    70    0.0000000000000000e+00
  128    71    0.0000000000000000e+00
  128    73    0.0000000000000000e+00
  128   111    0.0000000000000000e+00
  128   128    1.0000000000000000e+00
  128   129    0.0000000000000000e+00
  128   130    0.0000000000000000e+00
  128   165    0.0000000000000000e+00
  128   184    0.0000000000000000e+00
  128   201    0.0000000000000000e+00
  128   209    0.0000000000000000e+00
  129    25    0.0000000000000000e+00
  129    27    0.0000000000000000e+00
  129    73    0.0000000000000000e+00
  129   111    0.0000000000000000e+00
  129   128    0.0000000000000000e+00
  129   129    1.0000000000000000e+00
  129   157    0.0000000000000000e+00
  129   177    0.0000000000000000e+00
  129   201    0.0000000000000000e+00
  129   209    0.0000000000000000e+00
  130    70    0.0000000000000000e+00
  130    72    0.0000000000000000e+00
  130   111    0.0000000000000000e+00
  130   120    0.0000000000000000e+00
  130   121    0.0000000000000000e+00
  130   128    0.0000000000000000e+00
  130   130    1.0000000000000000e+00
  130   184    0.0000000000000000e+00
  130   192    0.0000000000000000e+00
  130   209    0.0000000000000000e+00
  131    20    0.0000000000000000e+00
  131   104    0.0000000000000000e+00
  131   125    0.0000000000000000e+00
  131   131    1.0000000000000000e+00
  131   151    0.0000000000000000e+00
  131   152    0.0000000000000000e+00
  131   162    0.0000000000000000e+00
  131   181    0.0000000000000000e+00
  131   191    0.0000000000000000e+00
  131   207    0.0000000000000000e+00
  132    42    0.0000000000000000e+00
  132    43    0.0000000000000000e+00
  132   105    0.0000000000000000e+00
  132   107    0.0000000000000000e+00
  132   132    1.0000000000000000e+00
  132   168    0.0000000000000000e+00
  132   170    0.0000000000000000e+00
  132   200    0.0000000000000000e+00
  133    78    0.0000000000000000e+00
  133    79    0.0000000000000000e+00
  133   106    0.0000000000000000e+00
  133   107    0.0000000000000000e+00
  133   126    0.0000000000000000e+00
  133   133    1.0000000000000000e+00
  133   186    0.0000000000000000e+00
  133   213    0.0000000000000000e+00
  134    12    0.0000000000000000e+00
  134    14    0.0000000000000000e+00
  134    56    0.0000000000000000e+00
  134   134    1.0000000000000000e+00
  134   135    0.0000000000000000e+00
  134   136    0.0000000000000000e+00
  134   137    0.0000000000000000e+00
  134   149    0.0000000000000000e+00
  134   189    0.0000000000000000e+00
  134   193    0.0000000000000000e+00
  135    48    0.0000000000000000e+00
  135   134    0.0000000000000000e+00
  135   135    1.0000000000000000e+00
  135   136    0.0000000000000000e+00
  135   137    0.0000000000000000e+00
  135   150    0.0000000000000000e+00
  135   193    0.0000000000000000e+00
  136    12    0.0000000000000000e+00
  136    48    0.0000000000000000e+00
  136    52    0.0000000000000000e+00
  136    66    0.0000000000000000e+00
  136   134    0.0000000000000000e+00
  136   135    0.0000000000000000e+00
  136   136    1.0000000000000000e+00
  136   189    0.0000000000000000e+00
  136   193    0.0000000000000000e+00
  137    30    0.0000000000000000e+00
  137   112    0.0000000000000000e+00
  137   134    0.0000000000000000e+00
  137   135    0.0000000000000000e+00
  137   137    1.0000000000000000e+00
  137   149    0.0000000000000000e+00
  137   150    0.0000000000000000e+00
  137   185    0.0000000000000000e+00
  137   189    0.0000000000000000e+00
  137   193    0.0000000000000000e+00
  138    98    0.0000000000000000e+00
  138   138    1.0000000000000000e+00
  138   139    0.0000000000000000e+00
  138   140    0.0000000000000000e+00
  138   148    0.0000000000000000e+00
  138   160    0.0000000000000000e+00
  138   161    0.0000000000000000e+00
  138   188    0.0000000000000000e+00
  138   197    0.0000000000000000e+00
  138   199    0.0000000000000000e+00
  139    61    0.0000000000000000e+00
  139    98    0.0000000000000000e+00
  139   100    0.0000000000000000e+00
  139   138    0.0000000000000000e+00
  139   139    1.0000000000000000e+00
  139   140    0.0000000000000000e+00
  139   141    0.0000000000000000e+00
  139   159    0.0000000000000000e+00
  139   179    0.0000000000000000e+00
  139   197    0.0000000000000000e+00
  139   199    0.0000000000000000e+00
  140    58    0.0000000000000000e+00
  140    60    0.0000000000000000e+00
  140   138    0.0000000000000000e+00
  140   139    0.0000000000000000e+00
  140   140    1.0000000000000000e+00
  140   141    0.0000000000000000e+00
  140   148    0.0000000000000000e+00
  140   199    0.0000000000000000e+00
  141    58    0.0000000000000000e+00
  141    61    0.0000000000000000e+00
  141    63    0.0000000000000000e+00
  141   139    0.0000000000000000e+00
  141   140    0.0000000000000000e+00
  141   141    1.0000000000000000e+00
  141   179    0.0000000000000000e+00
  141   199    0.0000000000000000e+00
  142    76    0.0000000000000000e+00
  142   106    0.0000000000000000e+00
  142   108    0.0000000000000000e+00
  142   127    0.0000000000000000e+00
  142   142    1.0000000000000000e+00
  142   143    0.0000000000000000e+00
  142   144    0.0000000000000000e+00
  142   158    0.0000000000000000e+00
  142   180    0.0000000000000000e+00
  142   190    0.0000000000000000e+00
  142   206    0.0000000000000000e+00
  143   108    0.0000000000000000e+00
  143   116    0.0000000000000000e+00
  143   117    0.0000000000000000e+00
  143   122    0.0000000000000000e+00
  143   142    0.0000000000000000e+00
  143   143    1.0000000000000000e+00
  143   144    0.0000000000000000e+00
  143   145    0.0000000000000000e+00
  143   206    0.0000000000000000e+00
  144    76    0.0000000000000000e+00
  144    77    0.0000000000000000e+00
  144   116    0.0000000000000000e+00
  144   142    0.0000000000000000e+00
  144   143    0.0000000000000000e+00
  144   144    1.0000000000000000e+00
  144   180    0.0000000000000000e+00
  144   206    0.0000000000000000e+00
  145   108    0.0000000000000000e+00
  145   122    0.0000000000000000e+00
  145   123    0.0000000000000000e+00
  145   143    0.0000000000000000e+00
  145   145    1.0000000000000000e+00
  145   168    0.0000000000000000e+00
  145   170    0.0000000000000000e+00
  145   178    0.0000000000000000e+00
  145   198    0.0000000000000000e+00
  145   206    0.0000000000000000e+00
  146     8    0.0000000000000000e+00
  146     9    0.0000000000000000e+00
  146    62    0.0000000000000000e+00
  146    63    0.0000000000000000e+00
  146   146    1.0000000000000000e+00
  146   163    0.0000000000000000e+00
  146   167    0.0000000000000000e+00
  146   187    0.0000000000000000e+00
  146   203    0.0000000000000000e+00
  147    53    0.0000000000000000e+00
  147    55    0.0000000000000000e+00
  147   113    0.0000000000000000e+00
  147   147    1.0000000000000000e+00
  147   164    0.0000000000000000e+00
  147   172    0.0000000000000000e+00
  147   176    0.0000000000000000e+00
  147   195    0.0000000000000000e+00
  148    60    0.0000000000000000e+00
  148    91    0.0000000000000000e+00
  148   138    0.0000000000000000e+00
  148   140    0.0000000000000000e+00
  148   148    1.0000000000000000e+00
  148   161    0.0000000000000000e+00
  148   188    0.0000000000000000e+00
  148   199    0.0000000000000000e+00
  149    53    0.0000000000000000e+00
  149    56    0.0000000000000000e+00
  149   112    0.0000000000000000e+00
  149   113    0.0000000000000000e+00
  149   134    0.0000000000000000e+00
  149   137    0.0000000000000000e+00
  149   149    1.0000000000000000e+00
  149   176    0.0000000000000000e+00
  149   185    0.0000000000000000e+00
  149   189    0.0000000000000000e+00
  150    30    0.0000000000000000e+00
  150    31    0.0000000000000000e+00
  150    46    0.0000000000000000e+00
  150    48    0.0000000000000000e+00
  150    94    0.0000000000000000e+00
  150   135    0.0000000000000000e+00
  150   137    0.0000000000000000e+00
  150   150    1.0000000000000000e+00
  150   193    0.0000000000000000e+00
  151    64    0.0000000000000000e+00
  151    65    0.0000000000000000e+00
  151   131    0.0000000000000000e+00
  151   151    1.0000000000000000e+00
  151   152    0.0000000000000000e+00
  151   153    0.0000000000000000e+00
  151   162    0.0000000000000000e+00
  151   191    0.0000000000000000e+00
  151   207    0.0000000000000000e+00
  152     5    0.0000000000000000e+00
  152     6    0.0000000000000000e+00
  152    20    0.0000000000000000e+00
  152   131    0.0000000000000000e+00
  152   151    0.0000000000000000e+00
  152   152    1.0000000000000000e+00
  152   153    0.0000000000000000e+00
  152   191    0.0000000000000000e+00
  153     6    0.0000000000000000e+00
  153     7    0.0000000000000000e+00
  153    65    0.0000000000000000e+00
  153    74    0.0000000000000000e+00
  153   151    0.0000000000000000e+00
  153   152    0.0000000000000000e+00
  153   153    1.0000000000000000e+00
  153   191    0.0000000000000000e+00
  154     2    0.0000000000000000e+00
  154     3    0.0000000000000000e+00
  154    45    0.0000000000000000e+00
  154   154    1.0000000000000000e+00
  154   155    0.0000000000000000e+00
  154   171    0.0000000000000000e+00
  154   174    0.0000000000000000e+00
  154   204    0.0000000000000000e+00
  154   213    0.0000000000000000e+00
  155    32    0.0000000000000000e+00
  155    35    0.0000000000000000e+00
  155    45    0.0000000000000000e+00
  155   154    0.0000000000000000e+00
  155   155    1.0000000000000000e+00
  155   171    0.0000000000000000e+00
  155   174    0.0000000000000000e+00
  156    22    0.0000000000000000e+00
  156    24    0.0000000000000000e+00
  156    87    0.0000000000000000e+00
  156    89    0.0000000000000000e+00
  156    95    0.0000000000000000e+00
  156   127    0.0000000000000000e+00
  156   156    1.0000000000000000e+00
  156   158    0.0000000000000000e+00
  156   190    0.0000000000000000e+00
  156   208    0.0000000000000000e+00
  157     1    0.0000000000000000e+00
  157    25    0.0000000000000000e+00
  157   109    0.0000000000000000e+00
  157   111    0.0000000000000000e+00
  157   129    0.0000000000000000e+00
  157   157    1.0000000000000000e+00
  157   177    0.0000000000000000e+00
  157   209    0.0000000000000000e+00
  158    76    0.0000000000000000e+00
  158    95    0.0000000000000000e+00
  158   127    0.0000000000000000e+00
  158   142    0.0000000000000000e+00
  158   156    0.0000000000000000e+00
  158   158    1.0000000000000000e+00
  158   190    0.0000000000000000e+00
  159    61    0.0000000000000000e+00
  159    68    0.0000000000000000e+00
  159    69    0.0000000000000000e+00
  159   100    0.0000000000000000e+00
  159   139    0.0000000000000000e+00
  159   159    1.0000000000000000e+00
  159   165    0.0000000000000000e+00
  159   179    0.0000000000000000e+00
  159   201    0.0000000000000000e+00
  160    38    0.0000000000000000e+00
  160    88    0.0000000000000000e+00
  160    90    0.0000000000000000e+00
  160    98    0.0000000000000000e+00
  160   138    0.0000000000000000e+00
  160   160    1.0000000000000000e+00
  160   161    0.0000000000000000e+00
  160   182    0.0000000000000000e+00
  160   188    0.0000000000000000e+00
  160   197    0.0000000000000000e+00
  161    90    0.0000000000000000e+00
  161    91    0.0000000000000000e+00
  161    93    0.0000000000000000e+00
  161   138    0.0000000000000000e+00
  161   148    0.0000000000000000e+00
  161   160    0.0000000000000000e+00
  161   161    1.0000000000000000e+00
  161   188    0.0000000000000000e+00
  161   199    0.0000000000000000e+00
  162    13    0.0000000000000000e+00
  162    14    0.0000000000000000e+00
  162    64    0.0000000000000000e+00
  162   104    0.0000000000000000e+00
  162   131    0.0000000000000000e+00
  162   151    0.0000000000000000e+00
  162   162    1.0000000000000000e+00
  162   207    0.0000000000000000e+00
  163     7    0.0000000000000000e+00
  163     8    0.0000000000000000e+00
  163    58    0.0000000000000000e+00
  163    59    0.0000000000000000e+00
  163    63    0.0000000000000000e+00
  163   146    0.0000000000000000e+00
  163   163    1.0000000000000000e+00
  163   187    0.0000000000000000e+00
  164     9    0.0000000000000000e+00
  164    19    0.0000000000000000e+00
  164   102    0.0000000000000000e+00
  164   113    0.0000000000000000e+00
  164   147    0.0000000000000000e+00
  164   164    1.0000000000000000e+00
  164   172    0.0000000000000000e+00
  164   195    0.0000000000000000e+00
  165    69    0.0000000000000000e+00
  165    71    0.0000000000000000e+00
  165    73    0.0000000000000000e+00
  165   100    0.0000000000000000e+00
  165   128    0.0000000000000000e+00
  165   159    0.0000000000000000e+00
  165   165    1.0000000000000000e+00
  165   197    0.0000000000000000e+00
  165   201    0.0000000000000000e+00
  166    52    0.0000000000000000e+00
  166    66    0.0000000000000000e+00
  166   105    0.0000000000000000e+00
  166   123    0.0000000000000000e+00
  166   166    1.0000000000000000e+00
  166   168    0.0000000000000000e+00
  166   178    0.0000000000000000e+00
  166   200    0.0000000000000000e+00
  167     9    0.0000000000000000e+00
  167    10    0.0000000000000000e+00
  167    26    0.0000000000000000e+00
  167    27    0.0000000000000000e+00
  167    62    0.0000000000000000e+00
  167    68    0.0000000000000000e+00
  167   146    0.0000000000000000e+00
  167   167    1.0000000000000000e+00
  167   203    0.0000000000000000e+00
  168   105    0.0000000000000000e+00
  168   123    0.0000000000000000e+00
  168   132    0.0000000000000000e+00
  168   145    0.0000000000000000e+00
  168   166    0.0000000000000000e+00
  168   168    1.0000000000000000e+00
  168   170    0.0000000000000000e+00
  168   178    0.0000000000000000e+00
  168   200    0.0000000000000000e+00
  169    72    0.0000000000000000e+00
  169   103    0.0000000000000000e+00
  169   115    0.0000000000000000e+00
  169   119    0.0000000000000000e+00
  169   120    0.0000000000000000e+00
  169   169    1.0000000000000000e+00
  169   192    0.0000000000000000e+00
  169   196    0.0000000000000000e+00
  170   107    0.0000000000000000e+00
  170   108    0.0000000000000000e+00
  170   132    0.0000000000000000e+00
  170   145    0.0000000000000000e+00
  170   168    0.0000000000000000e+00
  170   170    1.0000000000000000e+00
  170   178    0.0000000000000000e+00
  170   186    0.0000000000000000e+00
  170   200    0.0000000000000000e+00
  170   206    0.0000000000000000e+00
  171     2    0.0000000000000000e+00
  171    23    0.0000000000000000e+00
  171    35    0.0000000000000000e+00
  171    79    0.0000000000000000e+00
  171   154    0.0000000000000000e+00
  171   155    0.0000000000000000e+00
  171   171    1.0000000000000000e+00
  171   174    0.0000000000000000e+00
  171   213    0.0000000000000000e+00
  172     8    0.0000000000000000e+00
  172     9    0.0000000000000000e+00
  172    55    0.0000000000000000e+00
  172    74    0.0000000000000000e+00
  172   147    0.0000000000000000e+00
  172   164    0.0000000000000000e+00
  172   172    1.0000000000000000e+00
  172   176    0.0000000000000000e+00
  172   187    0.0000000000000000e+00
  172   195    0.0000000000000000e+00
  173   173    1.4216863632202148e+01
  173   175    4.6602383255958557e-01
  173   176    1.8807649612426758e-02
  173   177    -1.3173944950103760e+00
  173   178    4.2301037907600403e-01
  173   179    -1.0712699890136719e+00
  173   180    -1.4172060489654541e+00
  173   182    -1.4945774078369141e+00
  173   183    -5.7370162010192871e-01
  173   184    -1.1371192932128906e+00
  173   187    -8.7458717823028564e-01
  173   188    7.3411267995834351e-01
  173   192    9.6497070789337158e-01
  173   195    3.7966847419738770e-01
  173   205    -1.1440536975860596e+00
  173   210    -4.3867206573486328e+00
  173   211    -3.7868242263793945e+00
  174     2    8.8053166866302490e-01
  174     3    3.6970263719558716e-01
  174    32    -1.3326831161975861e-02
  174    35    8.4993734955787659e-02
  174    45    -8.7726868689060211e-02
  174   154    -1.4584034681320190e+00
  174   155    -1.8674460053443909e-01
  174   171    7.5562548637390137e-01
  174   174    1.0944634437561035e+01
  174   182    -1.1774558573961258e-01
  174   186    -3.5858780145645142e-02
  174   188    -2.1889656782150269e-01
  174   190    4.5433580875396729e-02
  174   194    -3.8927447795867920e-01
  174   204    -1.6145529747009277e+00
  174   205    -9.7497212886810303e-01
  174   208    -2.0195763111114502e+00
  174   210    -2.0603184700012207e+00
  174   212    -9.3157732486724854e-01
  174   213    -2.9719476699829102e+00
  175    57    -1.2221803665161133e+00
  175    58    1.0797017067670822e-01
  175    59    -5.2545273303985596e-01
  175    60    6.7059308290481567e-01
  175    81    -7.6177334785461426e-01
  175    83    2.6908618211746216e-01
  175   173    4.6602383255958557e-01
  175   175    1.3134237289428711e+01
  175   176    1.1880640983581543e+00
  175   179    3.1573390960693359e-01
  175   187    -3.5244369506835938e+00
  175   188    -1.4396977424621582e-01
  175   191    -1.9971880912780762e+00
  175   194    -1.8838524818420410e-02
  175   199    -3.0884778499603271e+00
  175   210    -2.7996480464935303e+00
  175   212    -2.0697433948516846e+00
  176    53    -4.1780406236648560e-01
  176    54    -2.3487253487110138e-01
  176    55    -3.5677593946456909e-01
  176    56    8.5773862898349762e-02
  176    65    -5.4331395775079727e-02
  176    74    -1.3442197442054749e-01
  176   113    -1.6646878421306610e-01
  176   147    -4.6984916925430298e-01
  176   149    -1.1986010521650314e-01
  176   172    4.4172365218400955e-02
  176   173    1.8807649612426758e-02
  176   175    1.1880640983581543e+00
  176   176    1.1871364593505859e+01
  176   181    -1.2882344424724579e-01
  176   185    -5.2388536930084229e-01
  176   187    -2.0279488563537598e+00
  176   189    -1.0159636735916138e+00
  176   191    -2.0208988189697266e+00
  176   195    -1.5170084238052368e+00
  176   207    -1.5795511007308960e+00
  176   210    -1.0340118408203125e+00
  176   211    -1.4057062864303589e+00
  177     1    -7.2641122341156006e-01
  177    11    7.7263824641704559e-02
  177    25    -5.0559467077255249e-01
  177    49    2.1359713375568390e-01
  177   109    4.2721801996231079e-01
  177   129    3.1302243471145630e-01
  177   157    -2.5112199783325195e-01
  177   173    -1.3173944950103760e+00
  177   177    1.2345678329467773e+01
  177   179    -2.7773749828338623e-01
  177   183    -5.5137819051742554e-01
  177   184    -4.3592643737792969e-01
  177   185    2.4965412914752960e-02
  177   187    4.9190777540206909e-01
  177   195    -2.6973760128021240e+00
  177   201    -1.8669463396072388e+00
  177   202    -2.2518732547760010e+00
  177   203    -1.5727190971374512e+00
  177   209    -1.7992382049560547e+00
  177   211    3.6006537079811096e-01
  178    47    4.1942077875137329e-01
  178    52    -5.4238177835941315e-02
  178    66    6.5398924052715302e-02
  178   123    -7.6138514280319214e-01
  178   145    9.7330398857593536e-02
  178   166    -3.9806112647056580e-01
  178   168    -2.1458609402179718e-01
  178   170    -7.1996957063674927e-02
  178   173    4.2301037907600403e-01
  178   178    1.1935229301452637e+01
  178   180    -7.6729096472263336e-02
  178   181    -3.8882964849472046e-01
  178   186    -1.0175731778144836e-01
  178   189    -6.3773006200790405e-01
  178   193    -1.3229646682739258e+00
  178   198    -1.9251415729522705e+00
  178   200    -2.4834556579589844e+00
  178   205    -1.6537567377090454e+00
  178   206    -1.1575080156326294e+00
  178   210    6.7755991220474243e-01
  178   211    -2.3698103427886963e+00
  179    61    -1.2364594936370850e+00
  179    62    2.7738866209983826e-01
  179    63    -2.2913806140422821e-02
  179    68    4.8272475600242615e-01
  179   100    3.5837334394454956e-01
  179   139    -6.5296304225921631e-01
  179   141    1.9236339628696442e-01
  179   159    -2.9156428575515747e-01
  179   173    -1.0712699890136719e+00
  179   175    3.1573390960693359e-01
  179   177    -2.7773749828338623e-01
  179   179    1.2719974517822266e+01
  179   182    2.8690940141677856e-01
  179   184    -3.3411815762519836e-01
  179   187    -1.8714227676391602e+00
  179   188    -3.4209132194519043e-02
  179   197    -2.5483708381652832e+00
  179   199    -3.0708217620849609e+00
  179   201    -2.0075123310089111e+00
  179   203    -1.2141051292419434e+00
  180    76    -2.1966281533241272e-01
  180    77    -3.8267204165458679e-01
  180   116    -7.4115622043609619e-01
  180   118    2.8456395864486694e-01
  180   119    1.0132800787687302e-02
  180   142    4.4036597013473511e-01
  180   144    -3.8562017679214478e-01
  180   173    -1.4172060489654541e+00
  180   178    -7.6729096472263336e-02
  180   180    1.2590616226196289e+01
  180   182    -4.7970701009035110e-02
  180   183    1.2874096632003784e-01
  180   184    5.2209365367889404e-01
  180   190    -1.2575234174728394e+00
  180   192    -2.5364475250244141e+00
  180   196    -2.1120388507843018e+00
  180   198    -2.0779879093170166e+00
  180   205    -1.3687121868133545e+00
  180   206    -1.9614108800888062e+00
  180   211    6.0862511396408081e-01
  181    13    4.6161594986915588e-01
  181    20    5.2910542488098145e-01
  181    41    2.6431941986083984e-01
  181   104    -9.3010360002517700e-01
  181   125    -8.6340993642807007e-01
  181   131    -1.3914346694946289e-01
  181   176    -1.2882344424724579e-01
  181   178    -3.8882964849472046e-01
  181   181    1.2480787277221680e+01
  181   186    7.6452642679214478e-02
  181   189    -9.4953018426895142e-01
  181   191    -9.5609289407730103e-01
  181   194    -8.0789726972579956e-01
  181   200    -2.7400281429290771e+00
  181   204    -1.6641079187393188e+00
  181   205    8.6759698390960693e-01
  181   207    -1.6588082313537598e+00
  181   210    -3.5902481079101562e+00
  181   211    1.3714490830898285e-01
  182    36    -3.9244520664215088e-01
  182    38    1.2074502706527710e+00
  182    87    -1.6638293266296387e+00
  182    88    -2.4545114040374756e+00
  182    89    1.1369324922561646e+00
  182    90    4.4471985101699829e-01
  182    95    9.2903947830200195e-01
  182   160    4.9805873632431030e-01
  182   173    -1.4945774078369141e+00
  182   174    -1.1774558573961258e-01
  182   179    2.8690940141677856e-01
  182   180    -4.7970701009035110e-02
  182   182    1.4709349632263184e+01
  182   184    -3.6156100034713745e-01
  182   188    -2.5056583881378174e+00
  182   190    -1.7848236560821533e+00
  182   196    -2.7096500396728516e+00
  182   197    -3.9032626152038574e+00
  182   205    -5.5469012260437012e-01
  182   208    -2.1335241794586182e+00
  182   210    9.1178983449935913e-01
  183    15    -1.9674962759017944e-01
  183    16    -8.0314135551452637e-01
  183    17    -7.5508493185043335e-01
  183    31    1.1073540896177292e-01
  183    84    2.6842129230499268e-01
  183    94    -3.0798688530921936e-01
  183    97    2.2433950006961823e-01
  183   173    -5.7370162010192871e-01
  183   177    -5.5137819051742554e-01
  183   180    1.2874096632003784e-01
  183   183    1.2137030601501465e+01
  183   184    7.0388376712799072e-01
  183   185    -4.1606801748275757e-01
  183   192    -2.7613558769226074e+00
  183   193    -4.4539323449134827e-01
  183   198    -2.2880806922912598e+00
  183   202    -1.7734646797180176e+00
  183   209    -1.1178556680679321e+00
  183   211    -1.5828901529312134e+00
  184    37    -1.1615470051765442e-01
  184    70    -5.6304574012756348e-01
  184    71    -2.9641714692115784e-01
  184    72    -1.3349866867065430e-01
  184   128    -2.0489756762981415e-01
  184   130    -1.4455644786357880e-01
  184   173    -1.1371192932128906e+00
  184   177    -4.3592643737792969e-01
  184   179    -3.3411815762519836e-01
  184   180    5.2209365367889404e-01
  184   182    -3.6156100034713745e-01
  184   183    7.0388376712799072e-01
  184   184    1.1888410568237305e+01
  184   192    -2.2007281780242920e+00
  184   196    -1.8965590000152588e+00
  184   197    -1.9487738609313965e+00
  184   201    -1.9781732559204102e+00
  184   209    -1.3628594875335693e+00
  185    28    -5.1975446939468384e-01
  185    29    -1.4686153829097748e-01
  185    30    -5.7512956857681274e-01
  185    31    -1.6791349649429321e-01
  185    50    -3.7342303991317749e-01
  185   101    2.6160228252410889e-01
  185   112    -4.7650828957557678e-01
  185   113    1.0991708934307098e-01
  185   114    -6.3994288444519043e-01
  185   137    2.1300300955772400e-02
  185   149    -8.3099812269210815e-02
  185   176    -5.2388536930084229e-01
  185   177    2.4965412914752960e-02
  185   183    -4.1606801748275757e-01
  185   185    1.1419840812683105e+01
  185   189    5.8693438768386841e-03
  185   193    -9.0443617105484009e-01
  185   195    -2.6620619297027588e+00
  185   202    -1.8985202312469482e+00
  185   211    -2.4558892250061035e+00
  186    42    3.7334322929382324e-01
  186    78    -5.7217139005661011e-01
  186   106    -1.1135698109865189e-01
  186   107    -1.5513684749603271e+00
  186   133    -1.4033596217632294e-01
  186   170    3.8587391376495361e-01
  186   174    -3.5858780145645142e-02
  186   178    -1.0175731778144836e-01
  186   181    7.6452642679214478e-02
  186   186    1.1470208168029785e+01
  186   190    1.2735508382320404e-01
  186   200    -2.5751533508300781e+00
  186   204    -1.6260623931884766e+00
  186   205    -3.0592410564422607e+00
  186   206    -1.5719233751296997e+00
  186   210    8.2509136199951172e-01
  186   213    -1.9130941629409790e+00
  187     7    -2.5883749127388000e-01
  187     8    -6.8799090385437012e-01
  187     9    -2.6600444316864014e-01
  187    58    1.7056749761104584e-01
  187    59    -4.7334603965282440e-02
  187    62    2.9864192008972168e-01
  187    63    -6.9518959522247314e-01
  187    74    1.9473081454634666e-02
  187   146    -1.0102020502090454e+00
  187   163    -6.6151070594787598e-01
  187   172    -3.3686169981956482e-01
  187   173    -8.7458717823028564e-01
  187   175    -3.5244369506835938e+00
  187   176    -2.0279488563537598e+00
  187   177    4.9190777540206909e-01
  187   179    -1.8714227676391602e+00
  187   187    1.2905035018920898e+01
  187   191    3.5891026258468628e-02
  187   195    -1.8759820461273193e+00
  187   199    5.3266280889511108e-01
  187   203    -1.3439680337905884e+00
  187   210    1.0281002521514893e+00
  188    32    5.1680183410644531e-01
  188    33    -1.9545389339327812e-02
  188    34    -3.2561591267585754e-01
  188    90    -5.9503346681594849e-01
  188    91    -4.8875162005424500e-01
  188    93    -4.9305677413940430e-01
  188   138    6.0195600986480713e-01
  188   148    7.2953307628631592e-01
  188   160    -7.3833853006362915e-02
  188   161    -1.4019316434860229e+00
  188   173    7.3411267995834351e-01
  188   174    -2.1889656782150269e-01
  188   175    -1.4396977424621582e-01
  188   179    -3.4209132194519043e-02
  188   182    -2.5056583881378174e+00
  188   188    1.3243328094482422e+01
  188   197    -2.0438389480113983e-01
  188   199    -2.9840478897094727e+00
  188   208    -2.1307339668273926e+00
  188   210    -1.0268113613128662e+00
  188   212    -3.1792559623718262e+00
  189    12    -5.2251207828521729e-01
  189    13    -4.4474086165428162e-01
  189    14    -4.1071185469627380e-01
  189    56    -2.6032495498657227e-01
  189    66    -5.8888608217239380e-01
  189   134    -1.4174897670745850e+00
  189   136    3.5526612401008606e-01
  189   137    4.5920386910438538e-01
  189   149    -1.6190245747566223e-01
  189   176    -1.0159636735916138e+00
  189   178    -6.3773006200790405e-01
  189   181    -9.4953018426895142e-01
  189   185    5.8693438768386841e-03
  189   189    1.0239737510681152e+01
  189   193    -1.8741445541381836e+00
  189   200    -2.1043968200683594e-01
  189   207    -1.1806106567382812e+00
  189   211    -1.3850895166397095e+00
  190    24    -1.2232723087072372e-01
  190    76    -5.6345038115978241e-02
  190    87    3.9425742626190186e-01
  190    95    -6.9451934099197388e-01
  190   106    6.1612851917743683e-02
  190   127    -9.6843641996383667e-01
  190   142    -3.3970719575881958e-01
  190   156    -8.7000805139541626e-01
  190   158    -5.2275604009628296e-01
  190   174    4.5433580875396729e-02
  190   180    -1.2575234174728394e+00
  190   182    -1.7848236560821533e+00
  190   186    1.2735508382320404e-01
  190   190    1.0714214324951172e+01
  190   196    4.2744457721710205e-01
  190   205    -1.5129354000091553e+00
  190   206    -1.8095479905605316e-01
  190   208    -1.4037860631942749e+00
  190   213    -2.0561954975128174e+00
  191     5    -1.0205024480819702e-01
  191     6    -7.3575806617736816e-01
  191     7    -2.5634551048278809e-01
  191    20    -1.8850918114185333e-01
  191    59    1.6952317953109741e-01
  191    65    -1.6815048456192017e-01
  191    74    -2.4172656238079071e-01
  191    81    -7.3324508965015411e-02
  191   131    1.0919695720076561e-02
  191   151    -2.4147552251815796e-01
  191   152    -8.4791189432144165e-01
  191   153    -7.4111348390579224e-01
  191   175    -1.9971880912780762e+00
  191   176    -2.0208988189697266e+00
  191   181    -9.5609289407730103e-01
  191   187    3.5891026258468628e-02
  191   191    1.0392218589782715e+01
  191   194    -1.0173342227935791e+00
  191   207    -7.7020514011383057e-01
  191   210    -2.5046867132186890e-01
  192    17    3.4738633036613464e-01
  192    72    3.6044538021087646e-02
  192    86    -9.5692163705825806e-01
  192    97    -6.1811852455139160e-01
  192   103    -7.8617775440216064e-01
  192   118    -1.1334927380084991e-01
  192   119    -2.3908048868179321e-01
  192   120    -7.4634814262390137e-01
  192   121    1.5105688571929932e-01
  192   130    -3.7613686174154282e-02
  192   169    -6.3350325822830200e-01
  192   173    9.6497070789337158e-01
  192   180    -2.5364475250244141e+00
  192   183    -2.7613558769226074e+00
  192   184    -2.2007281780242920e+00
  192   192    1.1995986938476562e+01
  192   196    -8.4700620174407959e-01
  192   198    3.3594554662704468e-01
  192   209    -1.3547425270080566e+00
  193    30    1.3517898321151733e-01
  193    31    -1.8895404040813446e-01
  193    46    -2.6011216640472412e-01
  193    47    -9.0393237769603729e-02
  193    48    -7.7209746837615967e-01
  193    52    -3.7995463609695435e-01
  193    66    3.7556582689285278e-01
  193    94    -3.1362721323966980e-01
  193   134    6.9026583433151245e-01
  193   135    -5.9189945459365845e-01
  193   136    -9.5310539007186890e-01
  193   137    -1.0596818923950195e+00
  193   150    -9.9905246496200562e-01
  193   178    -1.3229646682739258e+00
  193   183    -4.4539323449134827e-01
  193   185    -9.0443617105484009e-01
  193   189    -1.8741445541381836e+00
  193   193    1.0514915466308594e+01
  193   198    -5.1814049482345581e-01
  193   211    -1.0419704914093018e+00
  194     3    -3.5753238201141357e-01
  194     4    -1.7376122474670410e+00
  194     5    -6.9222933053970337e-01
  194    20    -1.2186253070831299e+00
  194    21    -7.1279245615005493e-01
  194    45    8.7728798389434814e-02
  194    81    1.9628006219863892e-01
  194    82    1.0979890078306198e-01
  194   125    5.4122734069824219e-01
  194   174    -3.8927447795867920e-01
  194   175    -1.8838524818420410e-02
  194   181    -8.0789726972579956e-01
  194   191    -1.0173342227935791e+00
  194   194    9.9610042572021484e+00
  194   204    -8.2644200325012207e-01
  194   210    -9.9256050586700439e-01
  194   212    -2.1249001026153564e+00
  195     9    -5.1704281568527222e-01
  195    10    -4.2495316267013550e-01
  195    11    -3.7275564670562744e-01
  195    18    -6.2547183036804199e-01
  195    19    -6.8379122018814087e-01
  195    49    6.3555054366588593e-02
  195    50    1.6101118922233582e-01
  195   101    -7.5159764289855957e-01
  195   102    -3.5614418983459473e-01
  195   113    -3.4665423631668091e-01
  195   114    4.3309539556503296e-01
  195   147    3.0082890391349792e-01
  195   164    -5.9620147943496704e-01
  195   172    -3.6962538957595825e-02
  195   173    3.7966847419738770e-01
  195   176    -1.5170084238052368e+00
  195   177    -2.6973760128021240e+00
  195   185    -2.6620619297027588e+00
  195   187    -1.8759820461273193e+00
  195   195    1.2203318595886230e+01
  195   202    5.2241706848144531e-01
  195   203    -9.5362395048141479e-01
  195   211    3.5373216867446899e-01
  196    36    -5.4514694213867188e-01
  196    37    -7.2351172566413879e-02
  196    39    -8.5112559795379639e-01
  196    72    -6.5889400243759155e-01
  196    75    -8.9848220348358154e-01
  196    76    -3.8997624069452286e-02
  196    77    1.6099423170089722e-01
  196    87    6.1567080020904541e-01
  196    95    -9.3127959966659546e-01
  196    96    -5.3645890951156616e-01
  196   115    -5.8956062793731689e-01
  196   119    -4.2316985130310059e-01
  196   169    2.0894561707973480e-01
  196   180    -2.1120388507843018e+00
  196   182    -2.7096500396728516e+00
  196   184    -1.8965590000152588e+00
  196   190    4.2744457721710205e-01
  196   192    -8.4700620174407959e-01
  196   196    1.1270093917846680e+01
  196   197    4.2756962776184082e-01
  197    36    4.7148561477661133e-01
  197    37    -6.0320502519607544e-01
  197    38    -2.2198796272277832e+00
  197    71    -6.5156358480453491e-01
  197    88    1.4236993789672852e+00
  197    98    -7.8568422794342041e-01
  197    99    -6.3927572965621948e-01
  197   100    -1.8057636022567749e+00
  197   138    -1.9498303532600403e-01
  197   139    2.2982361912727356e-01
  197   160    -1.0367376804351807e+00
  197   165    9.6074283123016357e-01
  197   179    -2.5483708381652832e+00
  197   182    -3.9032626152038574e+00
  197   184    -1.9487738609313965e+00
  197   188    -2.0438389480113983e-01
  197   196    4.2756962776184082e-01
  197   197    1.3369604110717773e+01
  197   199    8.2000195980072021e-03
  197   201    -3.4924221038818359e-01
  198    15    -3.5570430755615234e-01
  198    46    -4.1880673170089722e-01
  198    47    -1.0028207302093506e+00
  198    94    3.6061742901802063e-01
  198    97    -2.3900686204433441e-01
  198   116    4.5596778392791748e-01
  198   117    -6.6838818788528442e-01
  198   118    -7.7992993593215942e-01
  198   122    -1.1345934867858887e+00
  198   123    4.6815642714500427e-01
  198   124    -1.1101298332214355e+00
  198   145    4.4424641132354736e-01
  198   178    -1.9251415729522705e+00
  198   180    -2.0779879093170166e+00
  198   183    -2.2880806922912598e+00
  198   192    3.3594554662704468e-01
  198   193    -5.1814049482345581e-01
  198   198    1.1684101104736328e+01
  198   206    -1.4380828142166138e+00
  198   211    2.0777770876884460e-01
  199    57    1.0161151885986328e+00
  199    58    -1.0536090135574341e+00
  199    60    -1.7462803125381470e+00
  199    63    3.8202446699142456e-01
  199    91    3.9285060763359070e-01
  199   138    -1.1198844909667969e+00
  199   139    -1.8197394907474518e-01
  199   140    -9.1924655437469482e-01
  199   141    -7.0313262939453125e-01
  199   148    -1.3445116281509399e+00
  199   161    9.9457800388336182e-01
  199   175    -3.0884778499603271e+00
  199   179    -3.0708217620849609e+00
  199   187    5.3266280889511108e-01
  199   188    -2.9840478897094727e+00
  199   197    8.2000195980072021e-03
  199   199    1.2641973495483398e+01
  199   212    2.4358192086219788e-01
  200    13    -9.2143154144287109e-01
  200    41    -2.1976342797279358e-01
  200    42    -6.9869530200958252e-01
  200    43    -9.3682080507278442e-01
  200    66    -1.8086636066436768e-01
  200   104    4.0942877531051636e-01
  200   105    -7.9317402839660645e-01
  200   107    3.3999985456466675e-01
  200   132    -8.8953268527984619e-01
  200   166    2.3651769757270813e-01
  200   168    -2.1282842755317688e-01
  200   170    -5.9427767992019653e-02
  200   178    -2.4834556579589844e+00
  200   181    -2.7400281429290771e+00
  200   186    -2.5751533508300781e+00
  200   189    -2.1043968200683594e-01
  200   200    1.1200063705444336e+01
  200   204    -1.5751206874847412e-01
  200   205    8.9311820268630981e-01
  201    25    3.2095324993133545e-01
  201    27    -5.3133058547973633e-01
  201    68    -9.3363478779792786e-02
  201    69    -4.9489635229110718e-01
  201    71    3.3257621526718140e-01
  201    73    -6.2692064046859741e-01
  201   100    7.0418363809585571e-01
  201   128    -6.3758301734924316e-01
  201   129    -9.9270498752593994e-01
  201   159    -1.6543208062648773e-01
  201   165    -1.6740161180496216e+00
  201   177    -1.8669463396072388e+00
  201   179    -2.0075123310089111e+00
  201   184    -1.9781732559204102e+00
  201   197    -3.4924221038818359e-01
  201   201    1.0668249130249023e+01
  201   203    -8.3622753620147705e-01
  201   209    2.2838756442070007e-01
  202     1    6.3210827112197876e-01
  202    16    4.7834783792495728e-01
  202    29    -4.0479403734207153e-01
  202    31    -1.4991268515586853e-01
  202    49    -7.9475784301757812e-01
  202    50    -2.0323123037815094e-01
  202    51    -7.9963988065719604e-01
  202    67    -7.6716256141662598e-01
  202    84    -5.7139676809310913e-01
  202   109    -8.6561089754104614e-01
  202   110    -5.0569659471511841e-01
  202   177    -2.2518732547760010e+00
  202   183    -1.7734646797180176e+00
  202   185    -1.8985202312469482e+00
  202   195    5.2241706848144531e-01
  202   202    1.0023230552673340e+01
  202   209    -6.7004305124282837e-01
  203     9    -1.0159090161323547e-03
  203    10    -2.9094234108924866e-01
  203    11    -1.8793103098869324e-01
  203    25    -1.9232001900672913e-01
  203    26    -6.9965237379074097e-01
  203    27    -4.3465435504913330e-01
  203    61    1.0355099439620972e+00
  203    62    -1.0896621942520142e+00
  203    68    -1.1802268028259277e+00
  203   146    4.1469988226890564e-01
  203   167    -1.3293347358703613e+00
  203   177    -1.5727190971374512e+00
  203   179    -1.2141051292419434e+00
  203   187    -1.3439680337905884e+00
  203   195    -9.5362395048141479e-01
  203   201    -8.3622753620147705e-01
  203   203    9.8761739730834961e+00
  204     2    -3.0566319823265076e-01
  204     3    -9.5473170280456543e-01
  204    21    1.5954771637916565e-01
  204    40    -9.1981232166290283e-01
  204    41    -5.2828860282897949e-01
  204    42    -6.6380846500396729e-01
  204    78    2.7500045299530029e-01
  204    80    -1.2347322702407837e+00
  204   125    1.1034224182367325e-01
  204   154    6.3209986686706543e-01
  204   174    -1.6145529747009277e+00
  204   181    -1.6641079187393188e+00
  204   186    -1.6260623931884766e+00
  204   194    -8.2644200325012207e-01
  204   200    -1.5751206874847412e-01
  204   204    9.5747213363647461e+00
  204   210    1.0510252416133881e-01
  204   213    -3.6109966039657593e-01
  205   173    -1.1440536975860596e+00
  205   174    -9.7497212886810303e-01
  205   178    -1.6537567377090454e+00
  205   180    -1.3687121868133545e+00
  205   181    8.6759698390960693e-01
  205   182    -5.5469012260437012e-01
  205   186    -3.0592410564422607e+00
  205   190    -1.5129354000091553e+00
  205   200    8.9311820268630981e-01
  205   205    1.0445833206176758e+01
  205   206    -1.2968927621841431e-01
  205   210    -2.4476504325866699e+00
  205   213    6.3915443420410156e-01
  206   106    -3.9013656973838806e-01
  206   107    5.4222714900970459e-01
  206   108    -9.4579321146011353e-01
  206   116    8.0893188714981079e-03
  206   117    2.1653689444065094e-01
  206   122    4.6866455674171448e-01
  206   142    -1.0306379795074463e+00
  206   143    -1.0474662780761719e+00
  206   144    1.5297020971775055e-01
  206   145    -1.2147170305252075e+00
  206   170    -5.4946666955947876e-01
  206   178    -1.1575080156326294e+00
  206   180    -1.9614108800888062e+00
  206   186    -1.5719233751296997e+00
  206   190    -1.8095479905605316e-01
  206   198    -1.4380828142166138e+00
  206   205    -1.2968927621841431e-01
  206   206    1.0229299545288086e+01
  207    13    -2.1834336221218109e-02
  207    14    -3.3438113331794739e-01
  207    54    -2.3079033941030502e-02
  207    56    -4.2878478765487671e-01
  207    64    -8.1347680091857910e-01
  207    65    -2.0628662407398224e-01
  207   104    2.3488891124725342e-01
  207   131    -4.6396198868751526e-01
  207   151    -4.7880101203918457e-01
  207   162    -9.1089075803756714e-01
  207   176    -1.5795511007308960e+00
  207   181    -1.6588082313537598e+00
  207   189    -1.1806106567382812e+00
  207   191    -7.7020514011383057e-01
  207   207    8.6357822418212891e+00
  208    22    -1.3937833309173584e+00
  208    24    3.6283063888549805e-01
  208    32    -3.2671022415161133e-01
  208    33    -1.0796520709991455e+00
  208    35    -7.7703660726547241e-01
  208    87    6.1611491441726685e-01
  208    88    1.1406545639038086e+00
  208    89    -2.5495083332061768e+00
  208    90    -4.9690884351730347e-01
  208   156    -4.7088921070098877e-02
  208   174    -2.0195763111114502e+00
  208   182    -2.1335241794586182e+00
  208   188    -2.1307339668273926e+00
  208   190    -1.4037860631942749e+00
  208   208    1.1655215263366699e+01
  208   212    9.4258427619934082e-01
  208   213    -3.5909128189086914e-01
  209    17    5.3099632263183594e-02
  209    84    -1.2271464616060257e-01
  209    85    -7.8915351629257202e-01
  209    86    3.1455206871032715e-01
  209   109    -2.7271774411201477e-01
  209   110    -3.2419684529304504e-01
  209   111    -1.4716612100601196e+00
  209   121    -7.0905160903930664e-01
  209   128    -5.4270658642053604e-02
  209   129    -9.3793869018554688e-02
  209   130    -4.9100378155708313e-01
  209   157    -4.1450411081314087e-02
  209   177    -1.7992382049560547e+00
  209   183    -1.1178556680679321e+00
  209   184    -1.3628594875335693e+00
  209   192    -1.3547425270080566e+00
  209   201    2.2838756442070007e-01
  209   202    -6.7004305124282837e-01
  209   209    1.0078714370727539e+01
  210   173    -4.3867206573486328e+00
  210   174    -2.0603184700012207e+00
  210   175    -2.7996480464935303e+00
  210   176    -1.0340118408203125e+00
  210   178    6.7755991220474243e-01
  210   181    -3.5902481079101562e+00
  210   182    9.1178983449935913e-01
  210   186    8.2509136199951172e-01
  210   187    1.0281002521514893e+00
  210   188    -1.0268113613128662e+00
  210   191    -2.5046867132186890e-01
  210   194    -9.9256050586700439e-01
  210   204    1.0510252416133881e-01
  210   205    -2.4476504325866699e+00
  210   210    1.4944111824035645e+01
  210   211    6.3036203384399414e-02
  210   212    3.3645652234554291e-02
  211   173    -3.7868242263793945e+00
  211   176    -1.4057062864303589e+00
  211   177    3.6006537079811096e-01
  211   178    -2.3698103427886963e+00
  211   180    6.0862511396408081e-01
  211   181    1.3714490830898285e-01
  211   183    -1.5828901529312134e+00
  211   185    -2.4558892250061035e+00
  211   189    -1.3850895166397095e+00
  211   193    -1.0419704914093018e+00
  211   195    3.5373216867446899e-01
  211   198    2.0777770876884460e-01
  211   210    6.3036203384399414e-02
  211   211    1.2297798156738281e+01
  212     4    5.9673732519149780e-01
  212    32    -7.5332945585250854e-01
  212    34    -3.7701082229614258e-01
  212    44    -8.9886003732681274e-01
  212    45    -3.4405612945556641e-01
  212    60    3.5065349936485291e-01
  212    81    3.5776025056838989e-01
  212    82    -8.8622564077377319e-01
  212    83    -9.5783609151840210e-01
  212    91    -5.4165667295455933e-01
  212    92    -6.1946105957031250e-01
  212   174    -9.3157732486724854e-01
  212   175    -2.0697433948516846e+00
  212   188    -3.1792559623718262e+00
  212   194    -2.1249001026153564e+00
  212   199    2.4358192086219788e-01
  212   208    9.4258427619934082e-01
  212   210    3.3645652234554291e-02
  212   212    1.1158950805664062e+01
  213     2    -1.4037989377975464e+00
  213    22    4.5802214741706848e-01
  213    23    -7.9243117570877075e-01
  213    24    -7.4154037237167358e-01
  213    35    1.3331961631774902e-01
  213    78    -5.1007904112339020e-02
  213    79    -9.5950710773468018e-01
  213    80    3.9592060446739197e-01
  213   106    -1.6127195954322815e-01
  213   126    -8.7651270627975464e-01
  213   127    3.4386840462684631e-01
  213   133    -3.0429908633232117e-01
  213   154    1.3532361984252930e+00
  213   171    -1.6570734977722168e+00
  213   174    -2.9719476699829102e+00
  213   186    -1.9130941629409790e+00
  213   190    -2.0561954975128174e+00
  213   204    -3.6109966039657593e-01
  213   205    6.3915443420410156e-01
  213   208    -3.5909128189086914e-01
  213   213    1.1285347938537598e+01
