213
-1.2000000000000000e+02
-1.2000000000000000e+02
-1.1999980163574219e+02
-1.1999991607666016e+02
-1.1999991607666016e+02
-1.1999980163574219e+02
-1.2000000000000000e+02
-1.1999980163574219e+02
-1.1999991607666016e+02
-1.1999991607666016e+02
-1.1999980163574219e+02
-1.2000009155273438e+02
-1.2000014495849609e+02
-1.1999986267089844e+02
-1.2000023651123047e+02
-1.1999973297119141e+02
-1.2000001525878906e+02
-1.2000015258789062e+02
-1.2000001525878906e+02
-1.1999983215332031e+02
-1.2000000000000000e+02
-1.1999990844726562e+02
-1.1999995422363281e+02
-1.1999983978271484e+02
-1.2000007629394531e+02
-1.1999984741210938e+02
-1.1999989318847656e+02
-1.1999984741210938e+02
-1.2000027465820312e+02
-1.2000013732910156e+02
-1.1999987792968750e+02
-1.2000008392333984e+02
-1.2000010681152344e+02
-1.2000009155273438e+02
-1.1999974060058594e+02
-1.2000003814697266e+02
-1.2000023651123047e+02
-1.2000009155273438e+02
-1.2000008392333984e+02
-1.1999977874755859e+02
-1.2000003051757812e+02
-1.2000015258789062e+02
-1.2000007629394531e+02
-1.2000008392333984e+02
-1.1999996948242188e+02
-1.2000000762939453e+02
-1.1999995422363281e+02
-1.1999978637695312e+02
-1.2000000000000000e+02
-1.1999985504150391e+02
-1.2000015258789062e+02
-1.2000007629394531e+02
-1.1999980926513672e+02
-1.1999991607666016e+02
-1.1999985504150391e+02
-1.1999974060058594e+02
-1.1999996185302734e+02
-1.1999996185302734e+02
-1.2000013732910156e+02
-1.2000003814697266e+02
-1.2000008392333984e+02
-1.2000006103515625e+02
-1.1999995422363281e+02
-1.2000003051757812e+02
-1.2000007629394531e+02
-1.1999996185302734e+02
-1.1999987792968750e+02
-1.2000016784667969e+02
-1.2000013732910156e+02
-1.2000011444091797e+02
-1.1999993133544922e+02
-1.2000009155273438e+02
-1.1999993896484375e+02
-1.2000015258789062e+02
-1.1999993133544922e+02
-1.2000021362304688e+02
-1.2000012207031250e+02
-1.1999991607666016e+02
-1.1999992370605469e+02
-1.1999996948242188e+02
-1.1999978637695312e+02
-1.2000001525878906e+02
-1.2000003814697266e+02
-1.2000007629394531e+02
-1.1999993896484375e+02
-1.2000015258789062e+02
-1.1999978637695312e+02
-1.1999998474121094e+02
-1.2000009155273438e+02
-1.1999988555908203e+02
-1.2000016784667969e+02
-1.1999998474121094e+02
-1.1999983215332031e+02
-1.2000015258789062e+02
-1.2000006103515625e+02
-1.1999983215332031e+02
-1.1999985504150391e+02
-1.2000018310546875e+02
-1.2000010681152344e+02
-1.1999977111816406e+02
-1.2000016784667969e+02
-1.2000003814697266e+02
-1.2000007629394531e+02
-1.2000019073486328e+02
-1.1999996185302734e+02
-1.1999993896484375e+02
-1.2000021362304688e+02
-1.1999995422363281e+02
-1.1999991607666016e+02
-1.2000008392333984e+02
-1.1999981689453125e+02
-1.1999983978271484e+02
-1.2000004577636719e+02
-1.2000003814697266e+02
-1.1999986267089844e+02
-1.2000013732910156e+02
-1.1999983215332031e+02
-1.1999990844726562e+02
-1.2000000762939453e+02
-1.1999993896484375e+02
-1.2000007629394531e+02
-1.2000014495849609e+02
-1.1999993896484375e+02
-1.1999983215332031e+02
-1.2000021362304688e+02
-1.1999991607666016e+02
-1.1999985504150391e+02
-1.1999975585937500e+02
-1.1999980926513672e+02
-1.1999980163574219e+02
-1.1999989318847656e+02
-1.1999993896484375e+02
-1.1999980163574219e+02
-1.1999986267089844e+02
-1.1999980926513672e+02
-1.1999983215332031e+02
-1.1999998474121094e+02
-1.2000003051757812e+02
-1.1999987792968750e+02
-1.1999988555908203e+02
-1.1999972534179688e+02
-1.1999970245361328e+02
-1.2000010681152344e+02
-1.1999996185302734e+02
-1.1999999237060547e+02
-1.2000015258789062e+02
-1.1999993896484375e+02
-1.1999988555908203e+02
-1.2000016021728516e+02
-1.2000013732910156e+02
-1.1999996185302734e+02
-1.1999980163574219e+02
-1.1999993133544922e+02
-1.1999984741210938e+02
-1.2000009155273438e+02
-1.1999983978271484e+02
-1.2000006866455078e+02
-1.1999984741210938e+02
-1.2000015258789062e+02
-1.2000014495849609e+02
-1.2000019073486328e+02
-1.2000003814697266e+02
-1.1999988555908203e+02
-1.1999980926513672e+02
-1.2000001525878906e+02
-1.1999973297119141e+02
-1.2000009155273438e+02
-1.1999993896484375e+02
-1.1999989318847656e+02
-1.1999995422363281e+02
-1.2000003051757812e+02
-1.1999990844726562e+02
1.1266984918881214e+01
-2.2360022255550099e+01
-3.1527420082593565e+01
-2.0623894031541390e+01
-2.0620478001677046e+01
-2.1510439849650410e+01
-2.1941788470637299e+01
-2.0806039466976387e+01
-2.5355095073921049e+01
-2.1246473373402914e+01
-2.2614414253660172e+01
-2.5273958057358961e+01
-2.8173509658964928e+01
-3.9543930389040149e+01
-2.9976048461043156e+01
-3.5012702746125505e+01
-3.6310328579788575e+01
-3.8907267527416849e+01
-3.9605178808231948e+01
-3.9816027252899659e+01
-4.4947016720659583e+01
-5.3140738706695274e+01
-3.5536704963539300e+01
-4.2498197029493930e+01
-4.1756658958841200e+01
-4.0075623338251546e+01
-4.6404858419972065e+01
-4.8078722425308705e+01
-4.3935454102316484e+01
-4.7784833511533506e+01
-4.8710150890006609e+01
-5.0514409412821415e+01
-6.4406959142608997e+00
-4.6893160662051457e+01
-5.1065450798900393e+01
-5.0980123635904590e+01
-4.5566883294869740e+01
-2.5749769206113022e+00
-3.2252921356671029e+00
-5.3040629843166414e+01
-5.6683777197733406e+01
